0
8
16
24
32
40
48
56
64
72
80
88
96
104
112
120
128
136
144
152
160
168
176
184
192
200
208
216
224
232
240
248
256
264
272
280
288
296
304
312
320
328
336
344
352
360
368
376
384
392
400
408
416
424
432
440
448
456
464
472
480
488
496
504
512
520
528
536
544
552
560
568
576
584
592
600
608
616
624
632
640
648
656
664
672
680
688
696
704
712
720
728
736
744
752
760
768
776
784
792
800
808
816
824
832
840
848
856
864
872
880
888
896
904
912
920
928
936
944
952
960
968
976
984
992
1000
1008
1016
1024
1032
1040
1048
1056
1064
1072
1080
1088
1096
1104
1112
1120
1128
1136
1144
1152
1160
1168
1176
1184
1192
1200
1208
1216
1224
1232
1240
1248
1256
1264
1272
1280
1288
1296
1304
1312
1320
1328
1336
1344
1352
1360
1368
1376
1384
1392
1400
1408
1416
1424
1432
1440
1448
1456
1464
1472
1480
1488
1496
1504
1512
1520
1528
1536
1544
1552
1560
1568
1576
1584
1592
1600
1608
1616
1624
1632
1640
1648
1656
1664
1672
1680
1688
1696
1704
1712
1720
1728
1736
1744
1752
1760
1768
1776
1784
1792
1800
1808
1816
1824
1832
1840
1848
1856
1864
1872
1880
1888
1896
1904
1912
1920
1928
1936
1944
1952
1960
1968
1976
1984
1992
2000
2008
2016
2024
2032
2040
2048
2056
2064
2072
2080
2088
2096
2104
2112
2120
2128
2136
2144
2152
2160
2168
2176
2184
2192
2200
2208
2216
2224
2232
2240
2248
2256
2264
2272
2280
2288
2296
2304
2312
2320
2328
2336
2344
2352
2360
2368
2376
2384
2392
2400
2408
2416
2424
2432
2440
2448
2456
2464
2472
2480
2488
2496
2504
2512
2520
2528
2536
2544
2552
2560
2568
2576
2584
2592
2600
2608
2616
2624
2632
2640
2648
2656
2664
2672
2680
2688
2696
2704
2712
2720
2728
2736
2744
2752
2760
2768
2776
2784
2792
2800
2808
2816
2824
2832
2840
2848
2856
2864
2872
2880
2888
2896
2904
2912
2920
2928
2936
2944
2952
2960
2968
2976
2984
2992
3000
3008
3016
3024
3032
3040
3048
3056
3064
3072
3080
3088
3096
3104
3112
3120
3128
3136
3144
3152
3160
3168
3176
3184
3192
3200
3208
3216
3224
3232
3240
3248
3256
3264
3272
3280
3288
3296
3304
3312
3320
3328
3336
3344
3352
3360
3368
3376
3384
3392
3400
3408
3416
3424
3432
3440
3448
3456
3464
3472
3480
3488
3496
3504
3512
3520
3528
3536
3544
3552
3560
3568
3576
3584
3592
3600
3608
3616
3624
3632
3640
3648
3656
3664
3672
3680
3688
3696
3704
3712
3720
3728
3736
3744
3752
3760
3768
3776
3784
3792
3800
3808
3816
3824
3832
3840
3848
3856
3864
3872
3880
3888
3896
3904
3912
3920
3928
3936
3944
3952
3960
3968
3976
3984
3992
4000
4008
4016
4024
4032
4040
4048
4056
4064
4072
4080
4088
4095
4087
4079
4071
4063
4055
4047
4039
4031
4023
4015
4007
3999
3991
3983
3975
3967
3959
3951
3943
3935
3927
3919
3911
3903
3895
3887
3879
3871
3863
3855
3847
3839
3831
3823
3815
3807
3799
3791
3783
3775
3767
3759
3751
3743
3735
3727
3719
3711
3703
3695
3687
3679
3671
3663
3655
3647
3639
3631
3623
3615
3607
3599
3591
3583
3575
3567
3559
3551
3543
3535
3527
3519
3511
3503
3495
3487
3479
3471
3463
3455
3447
3439
3431
3423
3415
3407
3399
3391
3383
3375
3367
3359
3351
3343
3335
3327
3319
3311
3303
3295
3287
3279
3271
3263
3255
3247
3239
3231
3223
3215
3207
3199
3191
3183
3175
3167
3159
3151
3143
3135
3127
3119
3111
3103
3095
3087
3079
3071
3063
3055
3047
3039
3031
3023
3015
3007
2999
2991
2983
2975
2967
2959
2951
2943
2935
2927
2919
2911
2903
2895
2887
2879
2871
2863
2855
2847
2839
2831
2823
2815
2807
2799
2791
2783
2775
2767
2759
2751
2743
2735
2727
2719
2711
2703
2695
2687
2679
2671
2663
2655
2647
2639
2631
2623
2615
2607
2599
2591
2583
2575
2567
2559
2551
2543
2535
2527
2519
2511
2503
2495
2487
2479
2471
2463
2455
2447
2439
2431
2423
2415
2407
2399
2391
2383
2375
2367
2359
2351
2343
2335
2327
2319
2311
2303
2295
2287
2279
2271
2263
2255
2247
2239
2231
2223
2215
2207
2199
2191
2183
2175
2167
2159
2151
2143
2135
2127
2119
2111
2103
2095
2087
2079
2071
2063
2055
2047
2039
2031
2023
2015
2007
1999
1991
1983
1975
1967
1959
1951
1943
1935
1927
1919
1911
1903
1895
1887
1879
1871
1863
1855
1847
1839
1831
1823
1815
1807
1799
1791
1783
1775
1767
1759
1751
1743
1735
1727
1719
1711
1703
1695
1687
1679
1671
1663
1655
1647
1639
1631
1623
1615
1607
1599
1591
1583
1575
1567
1559
1551
1543
1535
1527
1519
1511
1503
1495
1487
1479
1471
1463
1455
1447
1439
1431
1423
1415
1407
1399
1391
1383
1375
1367
1359
1351
1343
1335
1327
1319
1311
1303
1295
1287
1279
1271
1263
1255
1247
1239
1231
1223
1215
1207
1199
1191
1183
1175
1167
1159
1151
1143
1135
1127
1119
1111
1103
1095
1087
1079
1071
1063
1055
1047
1039
1031
1023
1015
1007
999
991
983
975
967
959
951
943
935
927
919
911
903
895
887
879
871
863
855
847
839
831
823
815
807
799
791
783
775
767
759
751
743
735
727
719
711
703
695
687
679
671
663
655
647
639
631
623
615
607
599
591
583
575
567
559
551
543
535
527
519
511
503
495
487
479
471
463
455
447
439
431
423
415
407
399
391
383
375
367
359
351
343
335
327
319
311
303
295
287
279
271
263
255
247
239
231
223
215
207
199
191
183
175
167
159
151
143
135
127
119
111
103
95
87
79
71
63
55
47
39
31
23
15
7
