-2047
-2035
-2022
-2009
-1996
-1984
-1971
-1959
-1946
-1933
-1921
-1909
-1896
-1884
-1871
-1859
-1847
-1835
-1822
-1810
-1798
-1786
-1774
-1762
-1750
-1738
-1726
-1714
-1702
-1690
-1679
-1667
-1655
-1643
-1632
-1620
-1609
-1597
-1585
-1574
-1563
-1551
-1540
-1528
-1517
-1506
-1494
-1483
-1472
-1461
-1450
-1439
-1428
-1417
-1406
-1395
-1384
-1373
-1362
-1351
-1340
-1329
-1319
-1308
-1297
-1287
-1276
-1265
-1255
-1244
-1234
-1223
-1213
-1202
-1192
-1182
-1171
-1161
-1151
-1141
-1130
-1120
-1110
-1100
-1090
-1080
-1070
-1060
-1050
-1040
-1030
-1020
-1010
-1000
-991
-981
-971
-961
-952
-942
-932
-923
-913
-904
-894
-885
-875
-866
-856
-847
-838
-828
-819
-810
-801
-791
-782
-773
-764
-755
-746
-737
-728
-719
-710
-701
-692
-683
-674
-665
-656
-648
-639
-630
-621
-613
-604
-595
-587
-578
-570
-561
-553
-544
-536
-527
-519
-511
-502
-494
-486
-477
-469
-461
-453
-444
-436
-428
-420
-412
-404
-396
-388
-380
-372
-364
-356
-348
-340
-332
-324
-317
-309
-301
-293
-285
-278
-270
-262
-255
-247
-240
-232
-225
-217
-209
-202
-195
-187
-180
-172
-165
-158
-150
-143
-136
-128
-121
-114
-107
-100
-92
-85
-78
-71
-64
-57
-50
-43
-36
-29
-22
-15
-8
-1
6
13
19
26
33
40
47
53
60
67
73
80
87
93
100
107
113
120
126
133
139
146
152
159
165
171
178
184
191
197
203
210
216
222
228
235
241
247
253
259
266
272
278
284
290
296
302
308
314
320
326
332
338
344
350
356
362
368
373
379
385
391
397
402
408
414
420
425
431
437
442
448
454
459
465
471
476
482
487
493
498
504
509
515
520
526
531
537
542
548
553
558
564
569
575
580
585
590
596
601
606
612
617
622
627
632
638
643
648
653
658
663
669
674
679
684
689
694
699
704
709
714
719
724
729
734
739
744
749
754
759
764
769
774
779
783
788
793
798
803
808
813
817
822
827
832
836
841
846
851
855
860
865
870
874
879
884
888
893
898
902
907
912
916
921
926
930
935
939
944
949
953
958
962
967
971
976
980
985
989
994
999
1003
1007
1012
1016
1021
1025
1030
1034
1039
1043
1048
1052
1057
1061
1065
1070
1074
1079
1083
1087
1092
1096
1101
1105
1109
1114
1118
1122
1127
1131
1136
1140
1144
1149
1153
1157
1162
1166
1170
1175
1179
1183
1188
1192
1196
1200
1205
1209
1213
1218
1222
1226
1231
1235
1239
1243
1248
1252
1256
1261
1265
1269
1273
1278
1282
1286
1291
1295
1299
1303
1308
1312
1316
1320
1325
1329
1333
1338
1342
1346
1350
1355
1359
1363
1368
1372
1376
1380
1385
1389
1393
1398
1402
1406
1411
1415
1419
1423
1428
1432
1436
1441
1445
1449
1454
1458
1462
1467
1471
1475
1480
1484
1489
1493
1497
1502
1506
1510
1515
1519
1524
1528
1532
1537
1541
1546
1550
1555
1559
1563
1568
1572
1577
1581
1586
1590
1595
1599
1604
1608
1613
1617
1622
1626
1631
1635
1640
1645
1649
1654
1658
1663
1668
1672
1677
1682
1686
1691
1695
1700
1705
1710
1714
1719
1724
1728
1733
1738
1743
1748
1752
1757
1762
1767
1772
1776
1781
1786
1791
1796
1801
1806
1811
1816
1821
1826
1831
1836
1841
1846
1851
1856
1861
1866
1871
1876
1881
1886
1891
1896
1902
1907
1912
1917
1923
1928
1933
1938
1944
1949
1954
1960
1965
1970
1976
1981
1987
1992
1998
2003
2008
2014
2020
2025
2031
2036
2042
2048
2048
2037
2027
2017
2007
1997
1987
1977
1967
1958
1948
1938
1928
1918
1908
1898
1889
1879
1869
1859
1849
1840
1830
1820
1811
1801
1791
1782
1772
1762
1753
1743
1734
1724
1715
1705
1696
1686
1677
1667
1658
1649
1639
1630
1621
1611
1602
1593
1583
1574
1565
1556
1546
1537
1528
1519
1510
1500
1491
1482
1473
1464
1455
1446
1437
1428
1419
1410
1401
1392
1383
1374
1365
1356
1347
1339
1330
1321
1312
1303
1294
1286
1277
1268
1259
1251
1242
1233
1225
1216
1207
1199
1190
1182
1173
1165
1156
1147
1139
1130
1122
1113
1105
1097
1088
1080
1071
1063
1055
1046
1038
1030
1021
1013
1005
997
988
980
972
964
955
947
939
931
923
915
907
898
890
882
874
866
858
850
842
834
826
818
810
803
795
787
779
771
763
755
748
740
732
724
716
709
701
693
685
678
670
662
655
647
639
632
624
617
609
602
594
586
579
571
564
556
549
541
534
527
519
512
504
497
490
482
475
468
460
453
446
438
431
424
417
410
402
395
388
381
374
366
359
352
345
338
331
324
317
310
303
296
289
282
275
268
261
254
247
240
233
226
219
212
206
199
192
185
178
171
165
158
151
144
138
131
124
117
111
104
97
91
84
77
71
64
58
51
44
38
31
25
18
12
5
-1
-8
-14
-21
-27
-34
-40
-47
-53
-59
-66
-72
-79
-85
-91
-98
-104
-110
-117
-123
-129
-135
-142
-148
-154
-160
-167
-173
-179
-185
-191
-198
-204
-210
-216
-222
-228
-234
-240
-247
-253
-259
-265
-271
-277
-283
-289
-295
-301
-307
-313
-319
-325
-331
-337
-343
-349
-354
-360
-366
-372
-378
-384
-390
-396
-401
-407
-413
-419
-425
-431
-436
-442
-448
-454
-459
-465
-471
-477
-482
-488
-494
-499
-505
-511
-516
-522
-528
-533
-539
-545
-550
-556
-562
-567
-573
-578
-584
-589
-595
-601
-606
-612
-617
-623
-628
-634
-639
-645
-650
-656
-661
-667
-672
-677
-683
-688
-694
-699
-705
-710
-715
-721
-726
-732
-737
-742
-748
-753
-758
-764
-769
-774
-780
-785
-790
-796
-801
-806
-811
-817
-822
-827
-833
-838
-843
-848
-854
-859
-864
-869
-874
-880
-885
-890
-895
-901
-906
-911
-916
-921
-926
-932
-937
-942
-947
-952
-957
-963
-968
-973
-978
-983
-988
-993
-998
-1003
-1009
-1014
-1019
-1024
-1029
-1034
-1039
-1044
-1049
-1054
-1059
-1065
-1070
-1075
-1080
-1085
-1090
-1095
-1100
-1105
-1110
-1115
-1120
-1125
-1130
-1135
-1140
-1145
-1150
-1155
-1160
-1165
-1170
-1175
-1180
-1185
-1191
-1196
-1201
-1206
-1211
-1216
-1221
-1226
-1231
-1236
-1241
-1246
-1251
-1256
-1261
-1266
-1271
-1276
-1281
-1286
-1291
-1296
-1301
-1306
-1311
-1316
-1321
-1326
-1331
-1336
-1341
-1346
-1351
-1356
-1361
-1366
-1371
-1376
-1381
-1386
-1391
-1396
-1401
-1406
-1411
-1417
-1422
-1427
-1432
-1437
-1442
-1447
-1452
-1457
-1462
-1467
-1472
-1477
-1483
-1488
-1493
-1498
-1503
-1508
-1513
-1518
-1524
-1529
-1534
-1539
-1544
-1549
-1554
-1560
-1565
-1570
-1575
-1580
-1586
-1591
-1596
-1601
-1606
-1612
-1617
-1622
-1627
-1633
-1638
-1643
-1649
-1654
-1659
-1665
-1670
-1675
-1681
-1686
-1691
-1697
-1702
-1707
-1713
-1718
-1724
-1729
-1735
-1740
-1745
-1751
-1756
-1762
-1767
-1773
-1778
-1784
-1789
-1795
-1801
-1806
-1812
-1817
-1823
-1829
-1834
-1840
-1846
-1851
-1857
-1863
-1868
-1874
-1880
-1886
-1892
-1897
-1903
-1909
-1915
-1921
-1927
-1932
-1938
-1944
-1950
-1956
-1962
-1968
-1974
-1980
-1986
-1992
-1998
-2004
-2010
-2017
-2023
-2029
-2035
-2041
-2047
