2047
2040
2033
2027
2020
2014
2007
2001
1994
1987
1981
1974
1968
1961
1955
1948
1942
1935
1928
1922
1915
1909
1902
1896
1889
1882
1876
1869
1863
1856
1850
1843
1837
1830
1823
1817
1810
1804
1797
1791
1784
1777
1771
1764
1758
1751
1745
1738
1731
1725
1718
1712
1705
1699
1692
1686
1679
1672
1666
1659
1653
1646
1640
1633
1626
1620
1613
1607
1600
1594
1587
1581
1574
1567
1561
1554
1548
1541
1535
1528
1521
1515
1508
1502
1495
1489
1482
1476
1469
1462
1456
1449
1443
1436
1430
1423
1416
1410
1403
1397
1390
1384
1377
1371
1364
1357
1351
1344
1338
1331
1325
1318
1312
1305
1298
1292
1285
1279
1272
1266
1259
1252
1221
1191
1162
1133
1105
1078
1051
1025
1000
975
951
927
904
882
860
838
818
797
777
758
738
720
701
684
666
649
632
616
600
584
568
553
538
524
509
495
482
468
455
442
429
416
404
392
380
368
356
345
334
322
312
301
290
280
269
259
249
239
230
220
210
201
192
183
174
165
156
147
138
130
121
113
104
96
88
80
72
64
56
48
41
33
25
18
10
3
-5
-12
-19
-26
-34
-41
-48
-55
-62
-69
-76
-83
-89
-96
-103
-110
-116
-123
-130
-136
-143
-149
-156
-162
-169
-175
-182
-188
-194
-201
-207
-213
-219
-226
-232
-238
-244
-250
-256
-263
-269
-275
-281
-287
-293
-299
-305
-311
-317
-323
-328
-334
-340
-346
-352
-358
-364
-369
-375
-381
-387
-393
-398
-404
-410
-416
-421
-427
-433
-438
-444
-450
-455
-461
-467
-472
-478
-483
-489
-495
-500
-506
-511
-517
-522
-528
-533
-539
-544
-550
-555
-561
-566
-572
-577
-583
-588
-593
-599
-604
-610
-615
-620
-626
-631
-637
-642
-647
-653
-658
-663
-669
-674
-679
-685
-690
-695
-701
-706
-711
-716
-722
-727
-732
-737
-743
-748
-753
-758
-764
-769
-774
-779
-784
-790
-795
-800
-805
-810
-815
-821
-826
-831
-836
-841
-846
-851
-856
-862
-867
-872
-877
-882
-887
-892
-897
-902
-907
-912
-917
-922
-927
-932
-937
-942
-947
-952
-957
-962
-967
-972
-977
-982
-987
-992
-997
-1002
-1007
-1012
-1017
-1022
-1027
-1032
-1037
-1042
-1047
-1051
-1056
-1061
-1066
-1071
-1076
-1081
-1086
-1090
-1095
-1100
-1105
-1110
-1115
-1119
-1124
-1129
-1134
-1139
-1143
-1148
-1153
-1158
-1163
-1167
-1172
-1177
-1182
-1186
-1191
-1196
-1201
-1205
-1210
-1215
-1220
-1224
-1229
-1234
-1238
-1243
-1248
-1252
-1257
-1262
-1266
-1271
-1276
-1280
-1285
-1290
-1294
-1299
-1304
-1308
-1313
-1318
-1322
-1327
-1331
-1336
-1340
-1345
-1350
-1354
-1359
-1363
-1368
-1372
-1377
-1382
-1386
-1391
-1395
-1400
-1404
-1409
-1413
-1418
-1422
-1427
-1431
-1436
-1440
-1445
-1449
-1454
-1458
-1463
-1467
-1471
-1476
-1480
-1485
-1489
-1494
-1498
-1502
-1507
-1511
-1516
-1520
-1524
-1529
-1533
-1538
-1542
-1546
-1551
-1555
-1559
-1564
-1568
-1572
-1577
-1581
-1585
-1590
-1594
-1598
-1603
-1607
-1611
-1616
-1620
-1624
-1628
-1633
-1637
-1641
-1645
-1650
-1654
-1658
-1662
-1667
-1671
-1675
-1679
-1684
-1688
-1692
-1696
-1700
-1705
-1709
-1713
-1717
-1721
-1725
-1730
-1734
-1738
-1742
-1746
-1750
-1755
-1759
-1763
-1767
-1771
-1775
-1779
-1783
-1787
-1792
-1796
-1800
-1804
-1808
-1812
-1816
-1820
-1824
-1828
-1832
-1836
-1840
-1844
-1848
-1853
-1857
-1861
-1865
-1869
-1873
-1877
-1881
-1885
-1889
-1893
-1897
-1901
-1905
-1908
-1912
-1916
-1920
-1924
-1928
-1932
-1936
-1940
-1944
-1948
-1952
-1956
-1959
-1963
-1967
-1971
-1975
-1979
-1983
-1987
-1990
-1994
-1998
-2002
-2006
-2010
-2014
-2018
-2021
-2025
-2029
-2033
-2037
-2041
-2045
-2048
-2048
-2034
-2019
-2004
-1989
-1974
-1960
-1945
-1930
-1915
-1900
-1886
-1871
-1856
-1841
-1826
-1812
-1797
-1782
-1767
-1752
-1738
-1723
-1708
-1693
-1678
-1664
-1649
-1634
-1619
-1604
-1590
-1575
-1560
-1545
-1530
-1516
-1501
-1486
-1471
-1456
-1441
-1427
-1412
-1397
-1382
-1367
-1353
-1338
-1323
-1308
-1293
-1279
-1264
-1249
-1234
-1219
-1205
-1190
-1175
-1160
-1145
-1131
-1116
-1101
-1086
-1071
-1057
-1042
-1027
-1012
-997
-983
-968
-953
-938
-923
-909
-894
-879
-864
-849
-834
-820
-805
-790
-775
-760
-746
-731
-716
-701
-686
-672
-657
-642
-627
-612
-598
-583
-568
-553
-538
-524
-509
-494
-479
-464
-450
-435
-420
-405
-390
-376
-361
-346
-331
-316
-302
-287
-272
-257
-242
-227
-213
-198
-183
-168
-153
-139
-124
-117
-110
-103
-97
-90
-83
-77
-70
-64
-57
-51
-44
-38
-32
-25
-19
-13
-7
-1
5
11
17
23
29
35
41
47
53
59
64
70
76
81
87
93
98
104
109
115
120
126
131
136
142
147
153
158
163
168
174
179
184
189
195
200
205
210
215
220
225
230
235
240
245
250
255
260
265
270
275
280
285
290
295
300
304
309
314
319
324
328
333
338
343
347
352
357
362
366
371
376
381
385
390
395
399
404
408
413
418
422
427
432
436
441
445
450
455
459
464
468
473
477
482
486
491
495
500
505
509
514
518
523
527
532
536
541
545
550
554
558
563
567
572
576
581
585
590
594
599
603
607
612
616
621
625
630
634
638
643
647
652
656
660
665
669
674
678
682
687
691
696
700
704
709
713
718
722
726
731
735
739
744
748
752
757
761
766
770
774
779
783
787
792
796
800
805
809
813
818
822
826
831
835
839
844
848
852
856
861
865
869
874
878
882
887
891
895
899
904
908
912
917
921
925
929
934
938
942
947
951
955
959
964
968
972
976
981
985
989
993
998
1002
1006
1010
1015
1019
1023
1027
1031
1036
1040
1044
1048
1053
1057
1061
1065
1069
1073
1078
1082
1086
1090
1094
1099
1103
1107
1111
1115
1119
1124
1128
1132
1136
1140
1144
1148
1153
1157
1161
1165
1169
1173
1177
1181
1186
1190
1194
1198
1202
1206
1210
1214
1218
1222
1227
1231
1235
1239
1243
1247
1251
1255
1259
1263
1267
1271
1275
1279
1283
1287
1291
1295
1299
1303
1307
1311
1315
1319
1323
1327
1331
1335
1339
1343
1347
1351
1355
1359
1363
1367
1371
1375
1378
1382
1386
1390
1394
1398
1402
1406
1410
1414
1417
1421
1425
1429
1433
1437
1441
1444
1448
1452
1456
1460
1464
1467
1471
1475
1479
1483
1486
1490
1494
1498
1502
1505
1509
1513
1517
1520
1524
1528
1532
1535
1539
1543
1546
1550
1554
1557
1561
1565
1569
1572
1576
1580
1583
1587
1590
1594
1598
1601
1605
1609
1612
1616
1619
1623
1627
1630
1634
1637
1641
1645
1648
1652
1655
1659
1662
1666
1669
1673
1676
1680
1683
1687
1690
1694
1697
1701
1704
1708
1711
1715
1718
1722
1725
1728
1732
1735
1739
1742
1745
1749
1752
1756
1759
1762
1766
1769
1772
1776
1779
1783
1786
1789
1792
1796
1799
1802
1806
1809
1812
1816
1819
1822
1825
1829
1832
1835
1838
1842
1845
1848
1851
1854
1858
1861
1864
1867
1870
1874
1877
1880
1883
1886
1889
1892
1896
1902
1909
1915
1922
1928
1935
1942
1948
1955
1961
1968
1974
1981
1987
1994
2001
2007
2014
2020
2027
2033
2040
2047
