2047
2040
2033
2027
2020
2014
2007
2001
1994
1987
1981
1974
1968
1961
1955
1948
1941
1935
1928
1922
1915
1909
1900
1891
1882
1873
1864
1855
1847
1838
1829
1820
1811
1802
1794
1785
1776
1767
1759
1750
1741
1732
1724
1715
1706
1697
1689
1680
1671
1663
1654
1646
1637
1628
1620
1611
1602
1594
1585
1577
1568
1560
1551
1542
1534
1525
1517
1508
1500
1491
1483
1475
1466
1458
1449
1441
1432
1424
1416
1407
1399
1390
1382
1374
1365
1357
1349
1340
1332
1324
1315
1307
1299
1291
1282
1274
1266
1258
1249
1241
1233
1225
1216
1208
1200
1192
1184
1176
1167
1159
1151
1143
1135
1127
1119
1111
1103
1095
1087
1078
1070
1062
1054
1046
1038
1030
1022
1014
1006
998
990
983
975
967
959
951
943
935
927
919
911
903
896
888
880
872
864
856
849
841
833
825
817
810
802
794
786
779
771
763
756
748
740
732
725
717
709
702
694
687
679
671
664
656
648
641
633
626
618
611
603
596
588
580
573
565
558
550
543
535
528
521
513
506
498
491
483
476
469
461
454
446
439
432
424
417
410
402
395
388
380
373
366
358
351
344
337
329
322
315
308
300
293
286
279
272
264
257
250
243
236
229
221
214
207
200
193
186
179
172
165
158
150
143
136
129
122
115
108
101
94
87
80
73
66
59
52
45
38
32
25
18
11
4
-3
-10
-17
-24
-31
-37
-44
-51
-58
-65
-72
-78
-85
-92
-99
-106
-112
-119
-126
-133
-139
-146
-153
-160
-166
-173
-180
-187
-193
-200
-207
-213
-220
-227
-233
-240
-246
-253
-260
-266
-273
-280
-286
-293
-299
-306
-312
-319
-326
-332
-339
-345
-352
-358
-365
-371
-378
-384
-391
-397
-404
-410
-416
-423
-429
-436
-442
-449
-455
-461
-468
-474
-481
-487
-493
-500
-506
-512
-519
-525
-531
-538
-544
-550
-557
-563
-569
-575
-582
-588
-594
-600
-607
-613
-619
-625
-632
-638
-644
-650
-656
-662
-669
-675
-681
-687
-693
-699
-706
-712
-718
-724
-730
-736
-742
-748
-754
-760
-766
-772
-779
-785
-791
-797
-803
-809
-815
-821
-827
-833
-839
-845
-851
-857
-863
-868
-874
-880
-886
-892
-898
-904
-910
-916
-922
-928
-933
-939
-945
-951
-957
-963
-969
-974
-980
-986
-992
-998
-1003
-1009
-1015
-1021
-1027
-1032
-1038
-1044
-1050
-1055
-1061
-1067
-1072
-1078
-1084
-1090
-1095
-1101
-1107
-1112
-1118
-1124
-1129
-1135
-1141
-1146
-1152
-1158
-1163
-1169
-1174
-1180
-1186
-1191
-1197
-1202
-1208
-1213
-1219
-1224
-1230
-1236
-1241
-1247
-1252
-1258
-1263
-1269
-1274
-1280
-1285
-1291
-1296
-1301
-1307
-1312
-1318
-1323
-1329
-1334
-1340
-1345
-1350
-1356
-1361
-1367
-1372
-1377
-1383
-1388
-1393
-1399
-1404
-1409
-1414
-1419
-1424
-1429
-1434
-1439
-1444
-1449
-1454
-1459
-1464
-1469
-1474
-1479
-1484
-1489
-1494
-1499
-1504
-1508
-1513
-1518
-1523
-1528
-1533
-1538
-1543
-1548
-1553
-1558
-1563
-1568
-1573
-1578
-1583
-1588
-1593
-1598
-1603
-1608
-1613
-1617
-1622
-1627
-1632
-1637
-1642
-1647
-1652
-1657
-1662
-1667
-1672
-1677
-1682
-1687
-1692
-1697
-1702
-1707
-1712
-1717
-1722
-1726
-1731
-1736
-1741
-1746
-1751
-1756
-1761
-1766
-1771
-1776
-1781
-1786
-1791
-1796
-1801
-1806
-1811
-1816
-1821
-1826
-1831
-1835
-1840
-1845
-1850
-1855
-1860
-1865
-1870
-1875
-1880
-1885
-1890
-1895
-1900
-1905
-1910
-1915
-1920
-1925
-1930
-1935
-1940
-1944
-1949
-1954
-1959
-1964
-1969
-1974
-1979
-1984
-1989
-1994
-1999
-2004
-2009
-2014
-2019
-2024
-2029
-2034
-2039
-2044
-2048
-2048
-2036
-2023
-2011
-1998
-1986
-1973
-1961
-1948
-1936
-1924
-1911
-1899
-1887
-1875
-1862
-1850
-1838
-1826
-1814
-1802
-1790
-1778
-1766
-1754
-1742
-1731
-1719
-1707
-1695
-1684
-1672
-1660
-1649
-1637
-1626
-1614
-1603
-1591
-1580
-1568
-1557
-1546
-1534
-1523
-1512
-1501
-1489
-1478
-1467
-1456
-1445
-1434
-1423
-1412
-1401
-1390
-1379
-1368
-1358
-1347
-1336
-1325
-1315
-1304
-1293
-1283
-1272
-1261
-1251
-1240
-1230
-1220
-1209
-1199
-1188
-1178
-1168
-1157
-1147
-1137
-1127
-1117
-1106
-1096
-1086
-1076
-1066
-1056
-1046
-1036
-1026
-1017
-1007
-997
-987
-977
-968
-958
-948
-938
-929
-919
-910
-900
-891
-881
-872
-862
-853
-843
-834
-825
-815
-806
-797
-787
-778
-769
-760
-751
-742
-733
-723
-714
-705
-696
-687
-679
-670
-661
-652
-643
-634
-626
-617
-608
-599
-591
-582
-573
-565
-556
-548
-539
-531
-522
-514
-505
-497
-489
-480
-472
-464
-455
-447
-439
-431
-422
-414
-406
-398
-390
-382
-374
-366
-358
-350
-342
-334
-326
-318
-310
-302
-295
-287
-279
-271
-264
-256
-248
-241
-233
-226
-218
-210
-203
-195
-188
-180
-173
-166
-158
-151
-143
-136
-129
-122
-114
-107
-100
-93
-85
-78
-71
-64
-57
-50
-43
-36
-29
-22
-15
-8
-1
6
13
19
26
33
40
47
53
60
67
73
80
87
93
100
106
113
120
126
133
139
145
152
158
165
171
177
184
190
196
203
209
215
221
227
234
240
246
252
258
264
270
276
282
288
294
300
306
312
318
324
329
335
341
347
353
358
364
370
376
381
387
392
398
404
409
415
420
426
431
437
442
448
453
459
464
469
475
480
485
491
496
501
507
512
517
522
527
533
538
543
548
553
558
563
568
573
578
583
588
593
598
603
608
613
618
622
627
632
637
642
646
651
656
661
665
670
675
679
684
689
693
698
702
707
711
716
720
725
729
734
738
743
747
751
756
760
764
769
773
777
782
786
790
794
798
803
807
811
815
819
823
827
831
836
840
844
848
852
856
860
864
867
871
875
879
883
887
891
895
898
902
906
910
914
917
921
925
928
932
936
939
943
947
950
954
958
961
965
968
972
975
979
982
986
989
993
996
999
1003
1006
1010
1013
1016
1020
1023
1026
1029
1033
1036
1039
1042
1046
1049
1052
1055
1058
1062
1065
1068
1071
1074
1077
1080
1083
1086
1089
1092
1095
1098
1101
1104
1107
1110
1113
1116
1119
1122
1125
1128
1130
1133
1136
1139
1142
1144
1147
1150
1153
1155
1158
1161
1164
1166
1169
1172
1174
1177
1179
1182
1185
1187
1190
1192
1195
1197
1200
1202
1205
1207
1210
1212
1215
1217
1220
1222
1225
1227
1229
1232
1234
1236
1239
1241
1243
1246
1248
1250
1252
1259
1266
1272
1279
1285
1292
1298
1305
1312
1318
1325
1331
1338
1344
1351
1357
1364
1371
1377
1384
1390
1397
1403
1410
1417
1423
1430
1436
1443
1449
1456
1462
1469
1476
1482
1489
1495
1502
1508
1515
1522
1528
1535
1541
1548
1554
1561
1567
1574
1581
1587
1594
1600
1607
1613
1620
1627
1633
1640
1646
1653
1659
1666
1672
1679
1686
1692
1699
1705
1712
1718
1725
1732
1738
1745
1751
1758
1764
1771
1777
1784
1791
1797
1804
1810
1817
1823
1830
1837
1843
1850
1856
1863
1869
1876
1882
1889
1896
1902
1909
1915
1922
1928
1935
1942
1948
1955
1961
1968
1974
1981
1987
1994
2001
2007
2014
2020
2027
2033
2040
2047
