2047
2040
2033
2027
2020
2014
2007
2001
1994
1987
1981
1974
1968
1956
1945
1933
1922
1911
1899
1888
1877
1865
1854
1843
1831
1820
1809
1798
1787
1776
1765
1753
1742
1731
1720
1709
1698
1687
1677
1666
1655
1644
1633
1622
1611
1601
1590
1579
1568
1558
1547
1536
1526
1515
1505
1494
1484
1473
1463
1452
1442
1431
1421
1410
1400
1390
1379
1369
1359
1348
1338
1328
1318
1308
1297
1287
1277
1267
1257
1247
1237
1227
1217
1207
1197
1187
1177
1167
1157
1147
1138
1128
1118
1108
1098
1089
1079
1069
1060
1050
1040
1031
1021
1011
1002
992
983
973
964
954
945
935
926
917
907
898
889
879
870
861
851
842
833
824
815
805
796
787
778
769
760
751
742
733
724
715
706
697
688
679
670
661
653
644
635
626
617
609
600
591
582
574
565
556
548
539
531
522
513
505
496
488
479
471
462
454
445
437
429
420
412
404
395
387
379
370
362
354
346
338
329
321
313
305
297
289
281
273
265
257
249
241
233
225
217
209
201
193
185
177
169
161
154
146
138
130
123
115
107
99
92
84
76
69
61
54
46
38
31
23
16
8
1
-7
-14
-22
-29
-36
-44
-51
-59
-66
-73
-81
-88
-95
-102
-110
-117
-124
-131
-139
-146
-153
-160
-167
-174
-181
-189
-196
-203
-210
-217
-224
-231
-238
-245
-252
-259
-266
-272
-279
-286
-293
-300
-307
-314
-320
-327
-334
-341
-347
-354
-361
-368
-374
-381
-388
-394
-401
-408
-414
-421
-427
-434
-441
-447
-454
-460
-467
-473
-480
-486
-492
-499
-505
-512
-518
-524
-531
-537
-544
-550
-556
-562
-569
-575
-581
-587
-594
-600
-606
-612
-618
-625
-631
-637
-643
-649
-655
-661
-667
-673
-679
-685
-691
-697
-703
-709
-715
-721
-727
-733
-739
-745
-751
-757
-763
-769
-774
-780
-786
-792
-798
-803
-809
-815
-821
-826
-832
-838
-843
-849
-855
-860
-866
-872
-877
-883
-889
-894
-900
-905
-911
-916
-922
-927
-933
-938
-944
-949
-955
-960
-966
-971
-976
-982
-987
-993
-998
-1003
-1009
-1014
-1019
-1025
-1030
-1035
-1040
-1046
-1051
-1056
-1061
-1067
-1072
-1077
-1082
-1087
-1093
-1098
-1103
-1108
-1113
-1118
-1123
-1128
-1133
-1138
-1144
-1149
-1154
-1159
-1164
-1169
-1174
-1179
-1184
-1189
-1194
-1198
-1203
-1208
-1213
-1218
-1223
-1228
-1233
-1238
-1242
-1247
-1252
-1257
-1262
-1267
-1271
-1276
-1281
-1286
-1290
-1295
-1300
-1305
-1309
-1314
-1319
-1323
-1328
-1333
-1337
-1342
-1347
-1351
-1356
-1360
-1365
-1370
-1374
-1379
-1383
-1388
-1393
-1397
-1402
-1406
-1411
-1415
-1420
-1424
-1429
-1433
-1437
-1442
-1446
-1451
-1455
-1460
-1464
-1468
-1473
-1477
-1482
-1486
-1490
-1495
-1499
-1503
-1508
-1512
-1516
-1521
-1525
-1529
-1533
-1538
-1542
-1546
-1550
-1555
-1559
-1563
-1567
-1572
-1576
-1580
-1584
-1588
-1592
-1596
-1600
-1603
-1607
-1611
-1615
-1619
-1623
-1626
-1630
-1634
-1638
-1642
-1646
-1649
-1653
-1657
-1661
-1665
-1669
-1672
-1676
-1680
-1684
-1688
-1692
-1695
-1699
-1703
-1707
-1711
-1715
-1718
-1722
-1726
-1730
-1734
-1738
-1742
-1745
-1749
-1753
-1757
-1761
-1765
-1768
-1772
-1776
-1780
-1784
-1788
-1791
-1795
-1799
-1803
-1807
-1811
-1814
-1818
-1822
-1826
-1830
-1834
-1837
-1841
-1845
-1849
-1853
-1857
-1860
-1864
-1868
-1872
-1876
-1880
-1883
-1887
-1891
-1895
-1899
-1903
-1907
-1910
-1914
-1918
-1922
-1926
-1930
-1933
-1937
-1941
-1945
-1949
-1953
-1956
-1960
-1964
-1968
-1972
-1976
-1979
-1983
-1987
-1991
-1995
-1999
-2002
-2006
-2010
-2014
-2018
-2022
-2025
-2029
-2033
-2037
-2041
-2045
-2048
-2048
-2036
-2023
-2010
-1998
-1985
-1972
-1959
-1947
-1934
-1921
-1909
-1896
-1883
-1870
-1858
-1845
-1832
-1820
-1807
-1794
-1781
-1769
-1756
-1744
-1731
-1719
-1707
-1695
-1683
-1671
-1659
-1647
-1635
-1623
-1611
-1599
-1587
-1575
-1563
-1552
-1540
-1528
-1517
-1505
-1494
-1482
-1471
-1459
-1448
-1436
-1425
-1413
-1402
-1391
-1380
-1368
-1357
-1346
-1335
-1324
-1313
-1302
-1291
-1280
-1269
-1258
-1247
-1236
-1226
-1215
-1204
-1193
-1183
-1172
-1162
-1151
-1140
-1130
-1119
-1109
-1099
-1088
-1078
-1068
-1057
-1047
-1037
-1027
-1016
-1006
-996
-986
-976
-966
-956
-946
-936
-926
-916
-907
-897
-887
-877
-868
-858
-848
-839
-829
-819
-810
-800
-791
-781
-772
-763
-753
-744
-735
-725
-716
-707
-698
-688
-679
-670
-661
-652
-643
-634
-625
-616
-607
-598
-589
-581
-572
-563
-554
-546
-537
-528
-520
-511
-502
-494
-485
-477
-468
-460
-451
-443
-435
-426
-418
-410
-401
-393
-385
-377
-369
-360
-352
-344
-336
-328
-320
-312
-304
-296
-288
-280
-273
-265
-257
-249
-241
-234
-226
-218
-211
-203
-195
-188
-180
-173
-165
-158
-150
-143
-136
-128
-121
-113
-106
-99
-92
-84
-77
-70
-63
-56
-49
-41
-34
-27
-20
-13
-6
1
8
14
21
28
35
42
49
55
62
69
76
82
89
95
102
109
115
122
128
135
141
148
154
160
167
173
180
186
192
198
205
211
217
223
229
236
242
248
254
260
266
272
278
284
290
296
302
308
313
319
325
331
337
342
348
354
360
365
371
377
382
388
393
399
404
410
415
421
426
432
437
443
448
453
459
464
469
474
480
485
490
495
501
506
511
516
521
526
531
536
541
546
551
556
561
566
571
576
581
586
590
595
600
605
610
614
619
624
628
633
638
642
647
652
656
661
665
670
674
679
683
688
692
696
701
705
710
714
718
723
727
731
735
740
744
748
752
756
761
765
769
773
777
781
785
789
793
797
801
805
809
813
817
821
825
829
832
836
840
844
848
851
855
859
863
866
870
874
877
881
885
888
892
895
899
902
906
909
913
916
920
923
927
930
934
937
940
944
947
950
954
957
960
964
967
970
973
977
980
983
986
989
992
995
999
1002
1005
1008
1011
1014
1017
1020
1023
1026
1029
1032
1035
1038
1041
1043
1046
1049
1052
1055
1058
1060
1063
1066
1069
1072
1074
1077
1080
1082
1085
1088
1090
1093
1096
1098
1101
1103
1106
1109
1111
1114
1116
1119
1121
1124
1126
1129
1131
1133
1136
1138
1141
1143
1145
1148
1150
1152
1155
1157
1159
1162
1164
1166
1168
1171
1173
1175
1177
1179
1182
1184
1186
1188
1190
1192
1194
1196
1198
1200
1202
1204
1207
1213
1220
1226
1233
1239
1246
1252
1259
1266
1272
1279
1285
1292
1298
1305
1312
1318
1325
1331
1338
1344
1351
1357
1364
1371
1377
1384
1390
1397
1403
1410
1417
1423
1430
1436
1443
1449
1456
1462
1469
1476
1482
1489
1495
1502
1508
1515
1522
1528
1535
1541
1548
1554
1561
1567
1574
1581
1587
1594
1600
1607
1613
1620
1626
1633
1640
1646
1653
1659
1666
1672
1679
1686
1692
1699
1705
1712
1718
1725
1732
1738
1745
1751
1758
1764
1771
1777
1784
1791
1797
1804
1810
1817
1823
1830
1837
1843
1850
1856
1863
1869
1876
1882
1889
1896
1902
1909
1915
1922
1928
1935
1942
1948
1955
1961
1968
1974
1981
1987
1994
2001
2007
2014
2020
2027
2033
2040
2047
