2048
2037
2027
2017
2007
1996
1986
1976
1966
1956
1946
1936
1926
1916
1906
1896
1886
1876
1866
1856
1846
1836
1826
1816
1806
1796
1786
1776
1767
1757
1747
1737
1727
1718
1708
1698
1688
1679
1669
1659
1650
1640
1630
1621
1611
1602
1592
1583
1573
1563
1554
1544
1535
1525
1516
1507
1497
1488
1478
1469
1460
1450
1441
1431
1422
1413
1404
1394
1385
1376
1367
1357
1348
1339
1330
1321
1311
1302
1293
1284
1275
1266
1257
1248
1239
1230
1221
1212
1203
1194
1185
1176
1167
1158
1149
1140
1131
1122
1113
1105
1096
1087
1078
1069
1061
1052
1043
1034
1026
1017
1008
1000
991
982
974
965
956
948
939
931
922
913
905
896
888
879
871
862
854
845
837
829
820
812
803
795
787
778
770
762
753
745
737
729
720
712
704
696
687
679
671
663
655
646
638
630
622
614
606
598
590
582
574
566
558
550
542
534
526
518
510
502
494
486
478
470
463
455
447
439
431
423
416
408
400
392
385
377
369
361
354
346
338
331
323
315
308
300
293
285
277
270
262
255
247
240
232
225
217
210
202
195
187
180
173
165
158
150
143
136
128
121
114
106
99
92
84
77
70
63
55
48
41
34
27
19
12
5
-2
-9
-16
-23
-30
-38
-45
-52
-59
-66
-73
-80
-87
-94
-101
-108
-115
-122
-129
-136
-143
-149
-156
-163
-170
-177
-184
-191
-198
-204
-211
-218
-225
-232
-238
-245
-252
-259
-265
-272
-279
-285
-292
-299
-305
-312
-319
-325
-332
-339
-345
-352
-358
-365
-371
-378
-385
-391
-398
-404
-411
-417
-424
-430
-436
-443
-449
-456
-462
-469
-475
-481
-488
-494
-500
-507
-513
-519
-526
-532
-538
-545
-551
-557
-563
-570
-576
-582
-588
-595
-601
-607
-613
-619
-625
-632
-638
-644
-650
-656
-662
-668
-674
-680
-686
-692
-698
-705
-711
-717
-723
-729
-734
-740
-746
-752
-758
-764
-770
-776
-782
-788
-794
-800
-805
-811
-817
-823
-829
-835
-840
-846
-852
-858
-864
-869
-875
-881
-887
-892
-898
-904
-909
-915
-921
-926
-932
-938
-943
-949
-955
-960
-966
-971
-977
-982
-988
-994
-999
-1005
-1010
-1016
-1021
-1027
-1032
-1038
-1043
-1049
-1054
-1060
-1065
-1070
-1076
-1081
-1087
-1092
-1097
-1103
-1108
-1114
-1119
-1124
-1130
-1135
-1140
-1145
-1151
-1156
-1161
-1167
-1172
-1177
-1182
-1188
-1193
-1198
-1203
-1208
-1214
-1219
-1224
-1229
-1234
-1239
-1245
-1250
-1255
-1260
-1265
-1270
-1275
-1280
-1285
-1290
-1295
-1300
-1306
-1311
-1316
-1321
-1326
-1331
-1336
-1341
-1346
-1350
-1355
-1360
-1365
-1370
-1375
-1380
-1385
-1390
-1395
-1400
-1404
-1409
-1414
-1419
-1424
-1429
-1434
-1438
-1443
-1448
-1453
-1457
-1462
-1467
-1472
-1477
-1481
-1486
-1491
-1495
-1500
-1505
-1510
-1514
-1519
-1524
-1528
-1533
-1537
-1542
-1547
-1551
-1556
-1561
-1565
-1570
-1574
-1579
-1583
-1588
-1593
-1597
-1602
-1606
-1611
-1615
-1620
-1624
-1629
-1633
-1638
-1642
-1647
-1651
-1655
-1660
-1664
-1669
-1673
-1678
-1682
-1686
-1691
-1695
-1699
-1704
-1708
-1712
-1717
-1721
-1725
-1730
-1734
-1738
-1743
-1747
-1751
-1755
-1760
-1764
-1768
-1772
-1777
-1781
-1785
-1789
-1794
-1798
-1802
-1806
-1810
-1814
-1819
-1823
-1827
-1831
-1835
-1839
-1843
-1847
-1852
-1856
-1860
-1864
-1868
-1872
-1876
-1880
-1884
-1888
-1892
-1896
-1900
-1904
-1908
-1912
-1916
-1920
-1924
-1928
-1932
-1936
-1940
-1944
-1948
-1952
-1956
-1960
-1963
-1967
-1971
-1975
-1979
-1983
-1987
-1991
-1994
-1998
-2002
-2006
-2010
-2014
-2017
-2021
-2025
-2029
-2032
-2036
-2040
-2044
-2047
-2047
-2036
-2025
-2013
-2002
-1990
-1979
-1968
-1956
-1945
-1934
-1922
-1911
-1900
-1889
-1877
-1866
-1855
-1844
-1833
-1822
-1811
-1800
-1789
-1777
-1766
-1756
-1745
-1734
-1723
-1712
-1701
-1690
-1679
-1668
-1658
-1647
-1636
-1625
-1615
-1604
-1593
-1583
-1572
-1561
-1551
-1540
-1530
-1519
-1508
-1498
-1487
-1477
-1467
-1456
-1446
-1435
-1425
-1415
-1404
-1394
-1384
-1373
-1363
-1353
-1343
-1332
-1322
-1312
-1302
-1292
-1282
-1272
-1262
-1252
-1242
-1232
-1222
-1212
-1202
-1192
-1182
-1172
-1162
-1152
-1142
-1132
-1123
-1113
-1103
-1093
-1084
-1074
-1064
-1054
-1045
-1035
-1025
-1016
-1006
-997
-987
-978
-968
-959
-949
-940
-930
-921
-911
-902
-893
-883
-874
-865
-855
-846
-837
-827
-818
-809
-800
-791
-781
-772
-763
-754
-745
-736
-727
-718
-709
-700
-691
-682
-673
-664
-655
-646
-637
-628
-619
-611
-602
-593
-584
-575
-567
-558
-549
-541
-532
-523
-515
-506
-497
-489
-480
-472
-463
-454
-446
-437
-429
-421
-412
-404
-395
-387
-378
-370
-362
-353
-345
-337
-328
-320
-312
-304
-295
-287
-279
-271
-263
-255
-246
-238
-230
-222
-214
-206
-198
-190
-182
-174
-166
-158
-150
-142
-134
-127
-119
-111
-103
-95
-87
-80
-72
-64
-56
-48
-41
-33
-25
-18
-10
-2
5
13
20
28
36
43
51
58
66
73
81
88
95
103
110
118
125
132
140
147
154
162
169
176
184
191
198
205
212
220
227
234
241
248
255
262
270
277
284
291
298
305
312
319
326
333
340
347
353
360
367
374
381
388
395
401
408
415
422
429
435
442
449
455
462
469
475
482
489
495
502
508
515
522
528
535
541
548
554
561
567
574
580
586
593
599
606
612
618
625
631
637
644
650
656
662
669
675
681
687
693
700
706
712
718
724
730
736
743
749
755
761
767
773
779
785
791
797
803
809
815
820
826
832
838
844
850
856
861
867
873
879
885
890
896
902
908
913
919
925
930
936
942
947
953
959
964
970
975
981
986
992
997
1003
1008
1014
1019
1025
1030
1036
1041
1047
1052
1057
1063
1068
1074
1079
1084
1089
1095
1100
1105
1111
1116
1121
1126
1132
1137
1142
1147
1152
1157
1163
1168
1173
1178
1183
1188
1193
1198
1203
1208
1213
1218
1223
1228
1233
1238
1243
1248
1253
1258
1263
1268
1273
1278
1283
1288
1292
1297
1302
1307
1312
1316
1321
1326
1331
1335
1340
1345
1350
1354
1359
1364
1368
1373
1378
1382
1387
1392
1396
1401
1405
1410
1414
1419
1423
1428
1433
1437
1441
1446
1450
1455
1459
1464
1468
1473
1477
1481
1486
1490
1495
1499
1503
1508
1512
1516
1520
1525
1529
1533
1538
1542
1546
1550
1554
1559
1563
1567
1571
1575
1579
1584
1588
1592
1596
1600
1604
1608
1612
1616
1620
1624
1628
1632
1636
1640
1644
1648
1652
1656
1660
1664
1668
1672
1676
1680
1684
1688
1692
1695
1699
1703
1707
1711
1714
1718
1722
1726
1730
1733
1737
1741
1745
1748
1752
1756
1759
1763
1767
1770
1774
1778
1781
1785
1789
1792
1796
1799
1803
1806
1810
1814
1817
1821
1824
1828
1831
1835
1838
1842
1845
1848
1852
1855
1859
1862
1866
1869
1872
1876
1879
1882
1886
1889
1892
1896
1899
1902
1906
1909
1912
1915
1919
1922
1925
1928
1932
1935
1938
1941
1944
1948
1951
1954
1957
1960
1963
1967
1970
1973
1976
1979
1982
1985
1988
1991
1994
1997
2000
2003
2006
2009
2012
2015
2018
2021
2024
2027
2030
2033
2036
2039
2042
2045
2048
