2047
2040
2033
2027
2020
2014
2007
2001
1994
1985
1975
1966
1956
1947
1938
1928
1919
1909
1900
1891
1881
1872
1863
1854
1844
1835
1826
1817
1807
1798
1789
1780
1771
1761
1752
1743
1734
1725
1716
1707
1698
1688
1679
1670
1661
1652
1643
1634
1625
1616
1607
1598
1589
1580
1571
1562
1554
1545
1536
1527
1518
1509
1500
1491
1483
1474
1465
1456
1447
1439
1430
1421
1412
1404
1395
1386
1378
1369
1360
1351
1343
1334
1326
1317
1308
1300
1291
1282
1274
1265
1257
1248
1240
1231
1223
1214
1206
1197
1189
1180
1172
1163
1155
1147
1138
1130
1121
1113
1105
1096
1088
1080
1071
1063
1055
1046
1038
1030
1022
1013
1005
997
989
980
972
964
956
948
940
931
923
915
907
899
891
883
875
867
858
850
842
834
826
818
810
802
794
786
778
770
763
755
747
739
731
723
715
707
699
692
684
676
668
660
652
645
637
629
621
614
606
598
590
583
575
567
560
552
544
537
529
521
514
506
498
491
483
476
468
460
453
445
438
430
423
415
408
400
393
385
378
370
363
356
348
341
333
326
319
311
304
297
289
282
274
267
260
253
245
238
231
223
216
209
202
195
187
180
173
166
159
151
144
137
130
123
116
109
101
94
87
80
73
66
59
52
45
38
31
24
17
10
3
-4
-11
-18
-25
-32
-39
-46
-53
-60
-66
-73
-80
-87
-94
-101
-108
-114
-121
-128
-135
-142
-149
-155
-162
-169
-176
-182
-189
-196
-203
-209
-216
-223
-229
-236
-243
-249
-256
-263
-269
-276
-282
-289
-296
-302
-309
-315
-322
-329
-335
-342
-348
-355
-361
-368
-374
-381
-387
-394
-400
-407
-413
-419
-426
-432
-439
-445
-451
-458
-464
-471
-477
-483
-490
-496
-502
-509
-515
-521
-528
-534
-540
-546
-553
-559
-565
-571
-578
-584
-590
-596
-603
-609
-615
-621
-627
-633
-640
-646
-652
-658
-664
-670
-676
-682
-688
-695
-701
-707
-713
-719
-725
-731
-737
-743
-749
-755
-761
-767
-773
-779
-785
-791
-797
-803
-809
-814
-820
-826
-832
-838
-844
-850
-856
-862
-867
-873
-879
-885
-891
-897
-902
-908
-914
-920
-925
-931
-937
-943
-949
-954
-960
-966
-971
-977
-983
-989
-994
-1000
-1006
-1011
-1017
-1022
-1028
-1034
-1039
-1045
-1051
-1056
-1062
-1067
-1073
-1079
-1084
-1090
-1095
-1101
-1106
-1112
-1117
-1123
-1128
-1134
-1139
-1145
-1150
-1156
-1161
-1167
-1172
-1178
-1183
-1188
-1194
-1199
-1205
-1210
-1215
-1221
-1226
-1231
-1237
-1242
-1248
-1253
-1258
-1264
-1269
-1274
-1279
-1285
-1290
-1295
-1301
-1306
-1311
-1316
-1322
-1327
-1332
-1337
-1342
-1348
-1353
-1358
-1363
-1368
-1374
-1379
-1384
-1389
-1394
-1399
-1404
-1410
-1415
-1420
-1425
-1430
-1435
-1440
-1445
-1450
-1455
-1460
-1465
-1471
-1476
-1481
-1486
-1491
-1495
-1500
-1504
-1509
-1514
-1518
-1523
-1528
-1532
-1537
-1541
-1546
-1551
-1555
-1560
-1564
-1569
-1574
-1578
-1583
-1587
-1592
-1597
-1601
-1606
-1610
-1615
-1620
-1624
-1629
-1634
-1638
-1643
-1647
-1652
-1657
-1661
-1666
-1670
-1675
-1680
-1684
-1689
-1693
-1698
-1703
-1707
-1712
-1717
-1721
-1726
-1730
-1735
-1740
-1744
-1749
-1753
-1758
-1763
-1767
-1772
-1776
-1781
-1786
-1790
-1795
-1800
-1804
-1809
-1813
-1818
-1823
-1827
-1832
-1836
-1841
-1846
-1850
-1855
-1859
-1864
-1869
-1873
-1878
-1883
-1887
-1892
-1896
-1901
-1906
-1910
-1915
-1919
-1924
-1929
-1933
-1938
-1942
-1947
-1952
-1956
-1961
-1966
-1970
-1975
-1979
-1984
-1989
-1993
-1998
-2002
-2007
-2012
-2016
-2021
-2025
-2030
-2035
-2039
-2044
-2048
-2048
-2047
-2046
-2045
-2044
-2043
-2039
-2034
-2028
-2022
-2015
-2008
-2000
-1993
-1985
-1976
-1968
-1960
-1951
-1943
-1934
-1926
-1917
-1909
-1900
-1891
-1883
-1874
-1866
-1858
-1849
-1841
-1833
-1825
-1816
-1808
-1800
-1792
-1784
-1776
-1769
-1761
-1753
-1745
-1737
-1730
-1722
-1715
-1707
-1699
-1692
-1684
-1677
-1669
-1662
-1655
-1647
-1640
-1633
-1625
-1618
-1611
-1603
-1596
-1589
-1582
-1574
-1567
-1560
-1553
-1546
-1538
-1531
-1524
-1517
-1510
-1503
-1496
-1488
-1481
-1474
-1467
-1460
-1453
-1446
-1439
-1432
-1425
-1418
-1411
-1404
-1397
-1389
-1382
-1375
-1368
-1361
-1354
-1347
-1340
-1333
-1326
-1319
-1312
-1305
-1298
-1291
-1284
-1277
-1270
-1263
-1256
-1249
-1243
-1236
-1229
-1222
-1215
-1208
-1201
-1194
-1187
-1180
-1173
-1166
-1159
-1152
-1145
-1138
-1132
-1125
-1118
-1111
-1104
-1097
-1090
-1083
-1076
-1069
-1063
-1056
-1049
-1042
-1035
-1028
-1021
-1014
-1008
-1001
-994
-987
-980
-973
-967
-960
-953
-946
-939
-932
-926
-919
-912
-905
-898
-892
-885
-878
-871
-864
-858
-851
-844
-837
-830
-824
-817
-810
-803
-797
-790
-783
-776
-770
-763
-756
-749
-743
-736
-729
-722
-716
-709
-702
-695
-689
-682
-675
-669
-662
-655
-648
-642
-635
-628
-622
-615
-608
-602
-595
-588
-582
-575
-568
-562
-555
-548
-542
-535
-528
-522
-515
-508
-502
-495
-489
-482
-475
-469
-462
-455
-449
-442
-436
-429
-422
-416
-409
-403
-396
-390
-383
-376
-370
-363
-357
-350
-343
-337
-330
-324
-317
-311
-304
-298
-291
-285
-278
-271
-265
-258
-252
-245
-239
-232
-226
-219
-213
-206
-200
-193
-187
-180
-174
-167
-161
-154
-148
-141
-135
-128
-122
-116
-109
-103
-96
-90
-83
-77
-70
-64
-58
-51
-45
-38
-32
-25
-19
-13
-6
0
7
13
19
26
32
39
45
51
58
64
71
77
83
90
96
102
109
115
122
128
134
141
147
153
160
166
172
179
185
191
198
204
210
217
223
229
235
242
248
254
261
267
273
280
286
292
298
305
311
317
323
330
336
342
349
355
361
367
373
380
386
392
398
405
411
417
423
430
436
442
448
454
461
467
473
479
485
492
498
504
510
516
523
529
535
541
547
553
560
566
572
578
584
590
596
603
609
615
621
627
633
639
645
652
658
664
670
676
682
688
694
700
707
713
719
725
731
737
743
749
755
761
767
773
779
785
792
798
804
810
816
822
828
834
840
846
852
858
864
870
876
882
888
894
900
906
912
918
924
930
936
942
948
954
960
966
972
978
984
990
996
1002
1008
1014
1020
1026
1031
1037
1043
1049
1055
1061
1067
1073
1079
1085
1091
1097
1103
1109
1114
1120
1126
1132
1138
1144
1150
1156
1162
1167
1173
1179
1185
1191
1197
1203
1209
1214
1220
1226
1233
1239
1246
1252
1259
1266
1272
1279
1285
1292
1298
1305
1312
1318
1325
1331
1338
1344
1351
1357
1364
1371
1377
1384
1390
1397
1403
1410
1417
1423
1430
1436
1443
1449
1456
1462
1469
1476
1482
1489
1495
1502
1508
1515
1522
1528
1535
1541
1548
1554
1561
1567
1574
1581
1587
1594
1600
1607
1613
1620
1627
1633
1640
1646
1653
1659
1666
1672
1679
1686
1692
1699
1705
1712
1718
1725
1731
1738
1745
1751
1758
1764
1771
1777
1784
1791
1797
1804
1810
1817
1823
1830
1837
1843
1850
1856
1863
1869
1876
1882
1889
1896
1902
1909
1915
1922
1928
1935
1942
1948
1955
1961
1968
1974
1981
1987
1994
2001
2007
2014
2020
2027
2033
2040
2047
