2047
2033
2018
2003
1988
1973
1959
1944
1929
1914
1899
1885
1870
1855
1840
1825
1811
1796
1781
1766
1751
1737
1722
1707
1692
1677
1663
1648
1633
1618
1603
1589
1574
1559
1544
1529
1515
1500
1485
1470
1455
1440
1426
1411
1396
1381
1366
1352
1337
1322
1307
1292
1278
1263
1248
1233
1218
1204
1189
1174
1159
1144
1130
1115
1100
1085
1070
1056
1041
1026
1011
996
982
967
952
937
922
908
893
878
863
848
833
819
804
789
774
759
745
730
715
700
685
671
656
641
626
611
597
582
567
552
537
523
508
493
478
463
449
434
419
404
389
375
360
345
330
315
301
286
271
256
241
226
212
197
182
167
152
138
123
116
109
102
96
89
82
76
69
63
56
50
43
37
31
24
18
12
6
0
-6
-12
-18
-24
-30
-36
-42
-48
-54
-60
-65
-71
-77
-82
-88
-94
-99
-105
-110
-116
-121
-127
-132
-137
-143
-148
-154
-159
-164
-169
-175
-180
-185
-190
-196
-201
-206
-211
-216
-221
-226
-231
-236
-241
-246
-251
-256
-261
-266
-271
-276
-281
-286
-291
-296
-301
-305
-310
-315
-320
-325
-329
-334
-339
-344
-348
-353
-358
-363
-367
-372
-377
-382
-386
-391
-396
-400
-405
-409
-414
-419
-423
-428
-433
-437
-442
-446
-451
-456
-460
-465
-469
-474
-478
-483
-487
-492
-496
-501
-506
-510
-515
-519
-524
-528
-533
-537
-542
-546
-551
-555
-559
-564
-568
-573
-577
-582
-586
-591
-595
-600
-604
-608
-613
-617
-622
-626
-631
-635
-639
-644
-648
-653
-657
-661
-666
-670
-675
-679
-683
-688
-692
-697
-701
-705
-710
-714
-719
-723
-727
-732
-736
-740
-745
-749
-753
-758
-762
-767
-771
-775
-780
-784
-788
-793
-797
-801
-806
-810
-814
-819
-823
-827
-832
-836
-840
-845
-849
-853
-857
-862
-866
-870
-875
-879
-883
-888
-892
-896
-900
-905
-909
-913
-918
-922
-926
-930
-935
-939
-943
-948
-952
-956
-960
-965
-969
-973
-977
-982
-986
-990
-994
-999
-1003
-1007
-1011
-1016
-1020
-1024
-1028
-1032
-1037
-1041
-1045
-1049
-1054
-1058
-1062
-1066
-1070
-1074
-1079
-1083
-1087
-1091
-1095
-1100
-1104
-1108
-1112
-1116
-1120
-1125
-1129
-1133
-1137
-1141
-1145
-1149
-1154
-1158
-1162
-1166
-1170
-1174
-1178
-1182
-1187
-1191
-1195
-1199
-1203
-1207
-1211
-1215
-1219
-1223
-1228
-1232
-1236
-1240
-1244
-1248
-1252
-1256
-1260
-1264
-1268
-1272
-1276
-1280
-1284
-1288
-1292
-1296
-1300
-1304
-1308
-1312
-1316
-1320
-1324
-1328
-1332
-1336
-1340
-1344
-1348
-1352
-1356
-1360
-1364
-1368
-1372
-1376
-1379
-1383
-1387
-1391
-1395
-1399
-1403
-1407
-1411
-1415
-1418
-1422
-1426
-1430
-1434
-1438
-1442
-1445
-1449
-1453
-1457
-1461
-1465
-1468
-1472
-1476
-1480
-1484
-1487
-1491
-1495
-1499
-1503
-1506
-1510
-1514
-1518
-1521
-1525
-1529
-1533
-1536
-1540
-1544
-1547
-1551
-1555
-1558
-1562
-1566
-1570
-1573
-1577
-1581
-1584
-1588
-1591
-1595
-1599
-1602
-1606
-1610
-1613
-1617
-1620
-1624
-1628
-1631
-1635
-1638
-1642
-1646
-1649
-1653
-1656
-1660
-1663
-1667
-1670
-1674
-1677
-1681
-1684
-1688
-1691
-1695
-1698
-1702
-1705
-1709
-1712
-1716
-1719
-1723
-1726
-1729
-1733
-1736
-1740
-1743
-1746
-1750
-1753
-1757
-1760
-1763
-1767
-1770
-1773
-1777
-1780
-1784
-1787
-1790
-1793
-1797
-1800
-1803
-1807
-1810
-1813
-1817
-1820
-1823
-1826
-1830
-1833
-1836
-1839
-1843
-1846
-1849
-1852
-1855
-1859
-1862
-1865
-1868
-1871
-1875
-1878
-1881
-1884
-1887
-1890
-1893
-1897
-1903
-1910
-1916
-1923
-1929
-1936
-1943
-1949
-1956
-1962
-1969
-1975
-1982
-1988
-1995
-2002
-2008
-2015
-2021
-2028
-2034
-2041
-2048
-2048
-2034
-2019
-2004
-1989
-1974
-1960
-1945
-1930
-1915
-1900
-1886
-1871
-1856
-1841
-1826
-1812
-1797
-1782
-1767
-1752
-1738
-1723
-1708
-1693
-1678
-1664
-1649
-1634
-1619
-1604
-1590
-1575
-1560
-1545
-1530
-1516
-1501
-1486
-1471
-1456
-1441
-1427
-1412
-1397
-1382
-1367
-1353
-1338
-1323
-1308
-1293
-1279
-1264
-1249
-1234
-1219
-1205
-1190
-1175
-1160
-1145
-1131
-1116
-1101
-1086
-1071
-1057
-1042
-1027
-1012
-997
-983
-968
-953
-938
-923
-909
-894
-879
-864
-849
-834
-820
-805
-790
-775
-760
-746
-731
-716
-701
-686
-672
-657
-642
-627
-612
-598
-583
-568
-553
-538
-524
-509
-494
-479
-464
-450
-435
-420
-405
-390
-376
-361
-346
-331
-316
-302
-287
-272
-257
-242
-227
-213
-198
-183
-168
-153
-139
-124
-117
-110
-103
-97
-90
-83
-77
-70
-64
-57
-51
-44
-38
-32
-25
-19
-13
-7
-1
5
11
17
23
29
35
41
47
53
59
64
70
76
81
87
93
98
104
109
115
120
126
131
136
142
147
153
158
163
168
174
179
184
189
195
200
205
210
215
220
225
230
235
240
245
250
255
260
265
270
275
280
285
290
295
300
304
309
314
319
324
328
333
338
343
347
352
357
362
366
371
376
381
385
390
395
399
404
408
413
418
422
427
432
436
441
445
450
455
459
464
468
473
477
482
486
491
495
500
505
509
514
518
523
527
532
536
541
545
550
554
558
563
567
572
576
581
585
590
594
599
603
607
612
616
621
625
630
634
638
643
647
652
656
660
665
669
674
678
682
687
691
696
700
704
709
713
718
722
726
731
735
739
744
748
752
757
761
766
770
774
779
783
787
792
796
800
805
809
813
818
822
826
831
835
839
844
848
852
856
861
865
869
874
878
882
887
891
895
899
904
908
912
917
921
925
929
934
938
942
947
951
955
959
964
968
972
976
981
985
989
993
998
1002
1006
1010
1015
1019
1023
1027
1031
1036
1040
1044
1048
1053
1057
1061
1065
1069
1073
1078
1082
1086
1090
1094
1099
1103
1107
1111
1115
1119
1124
1128
1132
1136
1140
1144
1148
1153
1157
1161
1165
1169
1173
1177
1181
1186
1190
1194
1198
1202
1206
1210
1214
1218
1222
1227
1231
1235
1239
1243
1247
1251
1255
1259
1263
1267
1271
1275
1279
1283
1287
1291
1295
1299
1303
1307
1311
1315
1319
1323
1327
1331
1335
1339
1343
1347
1351
1355
1359
1363
1367
1371
1375
1378
1382
1386
1390
1394
1398
1402
1406
1410
1414
1417
1421
1425
1429
1433
1437
1441
1444
1448
1452
1456
1460
1464
1467
1471
1475
1479
1483
1486
1490
1494
1498
1502
1505
1509
1513
1517
1520
1524
1528
1532
1535
1539
1543
1546
1550
1554
1557
1561
1565
1569
1572
1576
1580
1583
1587
1590
1594
1598
1601
1605
1609
1612
1616
1619
1623
1627
1630
1634
1637
1641
1645
1648
1652
1655
1659
1662
1666
1669
1673
1676
1680
1683
1687
1690
1694
1697
1701
1704
1708
1711
1715
1718
1722
1725
1728
1732
1735
1739
1742
1745
1749
1752
1756
1759
1762
1766
1769
1772
1776
1779
1783
1786
1789
1792
1796
1799
1802
1806
1809
1812
1816
1819
1822
1825
1829
1832
1835
1838
1842
1845
1848
1851
1854
1858
1861
1864
1867
1870
1874
1877
1880
1883
1886
1889
1892
1896
1902
1909
1915
1922
1928
1935
1942
1948
1955
1961
1968
1974
1981
1987
1994
2001
2007
2014
2020
2027
2033
2040
2047
