2047
2046
2045
2044
2042
2041
2040
2039
2038
2037
2036
2035
2034
2032
2031
2030
2029
2028
2026
2025
2024
2022
2021
2020
2018
2017
2015
2014
2012
2011
2010
2008
2006
2005
2003
2002
2000
1999
1997
1995
1994
1992
1990
1988
1987
1985
1983
1981
1979
1978
1976
1974
1972
1970
1968
1966
1964
1962
1960
1958
1956
1954
1951
1949
1947
1945
1943
1941
1938
1936
1934
1931
1929
1927
1924
1922
1919
1917
1915
1912
1910
1907
1904
1902
1899
1897
1894
1891
1889
1886
1883
1880
1878
1875
1872
1869
1866
1863
1860
1857
1854
1851
1848
1845
1842
1839
1836
1833
1830
1826
1823
1820
1817
1813
1810
1807
1803
1800
1796
1793
1790
1786
1783
1779
1775
1772
1768
1764
1761
1757
1753
1750
1746
1742
1738
1734
1730
1726
1722
1718
1714
1710
1706
1702
1698
1694
1690
1686
1681
1677
1673
1669
1664
1660
1655
1651
1647
1642
1637
1633
1628
1624
1619
1614
1610
1605
1600
1596
1591
1586
1581
1576
1571
1566
1561
1556
1551
1546
1541
1536
1531
1525
1520
1515
1510
1504
1499
1494
1488
1483
1477
1472
1466
1461
1455
1449
1444
1438
1432
1426
1421
1415
1409
1403
1397
1391
1385
1379
1373
1367
1361
1354
1348
1342
1336
1329
1323
1317
1310
1304
1297
1291
1284
1278
1271
1265
1258
1251
1244
1238
1231
1224
1217
1210
1203
1196
1189
1182
1175
1168
1161
1154
1146
1139
1132
1124
1117
1110
1102
1095
1087
1080
1072
1064
1057
1049
1041
1033
1026
1018
1010
1002
994
986
978
970
962
954
945
937
929
921
912
904
896
887
879
870
862
853
844
836
827
818
809
801
792
783
774
765
756
747
738
729
720
710
701
692
683
673
664
655
645
636
626
616
607
597
588
578
568
558
548
539
529
519
509
499
489
479
469
458
448
438
428
417
407
397
386
376
365
355
344
334
323
312
302
291
280
269
258
247
237
226
215
204
193
181
170
159
148
137
125
114
103
91
80
69
57
46
34
22
11
-1
-13
-24
-36
-48
-60
-71
-83
-95
-107
-119
-131
-143
-155
-167
-179
-191
-204
-216
-228
-240
-253
-265
-277
-290
-302
-314
-327
-339
-352
-364
-377
-390
-402
-415
-427
-440
-453
-465
-478
-491
-504
-517
-529
-542
-555
-568
-581
-594
-607
-620
-633
-646
-659
-672
-685
-698
-711
-724
-737
-750
-764
-777
-790
-803
-816
-829
-843
-856
-869
-882
-895
-909
-922
-935
-948
-962
-975
-988
-1002
-1015
-1028
-1041
-1055
-1068
-1081
-1094
-1108
-1121
-1134
-1148
-1161
-1174
-1187
-1200
-1214
-1227
-1240
-1253
-1266
-1280
-1293
-1306
-1319
-1332
-1345
-1358
-1371
-1384
-1397
-1410
-1423
-1436
-1449
-1462
-1474
-1487
-1500
-1513
-1525
-1538
-1551
-1563
-1576
-1588
-1601
-1613
-1625
-1638
-1650
-1662
-1675
-1687
-1699
-1711
-1723
-1735
-1747
-1758
-1770
-1782
-1793
-1805
-1816
-1828
-1839
-1850
-1862
-1873
-1884
-1895
-1906
-1917
-1927
-1938
-1948
-1959
-1969
-1980
-1990
-2000
-2010
-2020
-2030
-2039
-2049
-2058
-2068
-2077
-2086
-2095
-2104
-2113
-2121
-2130
-2138
-2147
-2155
-2163
-2171
-2178
-2186
-2193
-2201
-2208
-2215
-2222
-2228
-2235
-2241
-2247
-2253
-2259
-2265
-2270
-2276
-2281
-2286
-2290
-2295
-2299
-2303
-2307
-2311
-2315
-2318
-2321
-2324
-2327
-2329
-2331
-2333
-2335
-2337
-2338
-2339
-2340
-2340
-2341
-2341
-2340
-2340
-2339
-2338
-2337
-2335
-2333
-2331
-2328
-2326
-2322
-2319
-2315
-2311
-2307
-2302
-2297
-2292
-2286
-2280
-2273
-2267
-2260
-2252
-2244
-2236
-2227
-2218
-2209
-2199
-2189
-2178
-2167
-2156
-2144
-2132
-2119
-2106
-2092
-2078
-2063
-2048
-2048
-2044
-2039
-2034
-2029
-2024
-2019
-2014
-2009
-2004
-1999
-1994
-1989
-1984
-1979
-1974
-1969
-1964
-1959
-1954
-1949
-1944
-1939
-1934
-1929
-1924
-1919
-1914
-1909
-1904
-1899
-1894
-1889
-1884
-1879
-1873
-1868
-1863
-1858
-1853
-1848
-1843
-1838
-1833
-1828
-1822
-1817
-1812
-1807
-1802
-1797
-1792
-1786
-1781
-1776
-1771
-1766
-1761
-1755
-1750
-1745
-1740
-1735
-1729
-1724
-1719
-1714
-1708
-1703
-1698
-1693
-1687
-1682
-1677
-1672
-1666
-1661
-1656
-1651
-1645
-1640
-1635
-1629
-1624
-1619
-1613
-1608
-1603
-1598
-1592
-1587
-1581
-1576
-1571
-1565
-1560
-1555
-1549
-1544
-1539
-1533
-1528
-1522
-1517
-1512
-1506
-1501
-1495
-1490
-1484
-1479
-1474
-1468
-1463
-1457
-1452
-1446
-1441
-1435
-1430
-1424
-1419
-1413
-1408
-1402
-1397
-1391
-1386
-1380
-1375
-1369
-1364
-1358
-1353
-1347
-1341
-1336
-1330
-1325
-1319
-1314
-1308
-1302
-1297
-1291
-1286
-1280
-1274
-1269
-1263
-1257
-1252
-1246
-1241
-1235
-1229
-1224
-1218
-1212
-1207
-1201
-1195
-1189
-1184
-1178
-1172
-1167
-1161
-1155
-1149
-1144
-1138
-1132
-1126
-1121
-1115
-1109
-1103
-1098
-1092
-1086
-1080
-1074
-1069
-1063
-1057
-1051
-1045
-1040
-1034
-1028
-1022
-1016
-1010
-1004
-999
-993
-987
-981
-975
-969
-963
-957
-951
-946
-940
-934
-928
-922
-916
-910
-904
-898
-892
-886
-880
-874
-868
-862
-856
-850
-844
-838
-832
-826
-820
-814
-808
-802
-796
-790
-784
-778
-772
-766
-760
-754
-747
-741
-735
-729
-723
-717
-711
-705
-699
-692
-686
-680
-674
-668
-662
-656
-649
-643
-637
-631
-625
-618
-612
-606
-600
-594
-587
-581
-575
-569
-562
-556
-550
-544
-537
-531
-525
-518
-512
-506
-500
-493
-487
-481
-474
-468
-462
-455
-449
-443
-436
-430
-423
-417
-411
-404
-398
-392
-385
-379
-372
-366
-359
-353
-347
-340
-334
-327
-321
-314
-308
-301
-295
-288
-282
-275
-269
-262
-256
-249
-243
-236
-230
-223
-217
-210
-204
-197
-190
-184
-177
-171
-164
-158
-151
-144
-138
-131
-124
-118
-111
-105
-98
-91
-85
-78
-71
-65
-58
-51
-44
-38
-31
-24
-18
-11
-4
3
9
16
23
30
36
43
50
57
63
70
77
84
91
98
104
111
118
125
132
139
145
152
159
166
173
180
187
194
200
207
214
221
228
235
242
249
256
263
270
277
284
291
298
305
312
319
326
333
340
347
354
361
368
375
382
389
396
403
410
418
425
432
439
446
453
460
467
474
482
489
496
503
510
517
525
532
539
546
553
561
568
575
582
590
597
604
611
619
626
633
640
648
655
662
670
677
684
691
699
706
714
721
728
736
743
750
758
765
772
780
787
795
802
810
817
824
832
839
847
854
862
869
877
884
892
899
907
914
922
929
937
944
952
959
967
974
982
990
997
1005
1012
1020
1027
1035
1043
1050
1058
1066
1073
1081
1089
1096
1104
1112
1119
1127
1135
1142
1150
1158
1165
1173
1181
1189
1196
1204
1212
1220
1227
1235
1243
1251
1259
1266
1274
1282
1290
1298
1306
1313
1321
1329
1337
1345
1353
1361
1368
1376
1384
1392
1400
1408
1416
1424
1432
1440
1448
1456
1464
1472
1480
1488
1496
1504
1512
1520
1528
1536
1544
1552
1560
1568
1576
1584
1592
1600
1608
1616
1624
1632
1641
1649
1657
1665
1673
1681
1689
1698
1706
1714
1722
1730
1738
1747
1755
1763
1771
1780
1788
1796
1804
1813
1821
1829
1837
1846
1854
1862
1871
1879
1887
1895
1904
1912
1921
1929
1937
1946
1954
1962
1971
1979
1988
1996
2004
2013
2021
2030
2038
2047
