2047
2040
2033
2027
2020
2014
2007
2001
1994
1987
1981
1974
1968
1961
1955
1948
1942
1935
1928
1922
1915
1909
1902
1896
1889
1882
1876
1869
1863
1856
1850
1843
1836
1830
1823
1817
1810
1804
1797
1791
1784
1777
1771
1764
1758
1751
1745
1738
1732
1725
1718
1712
1705
1699
1692
1686
1679
1672
1666
1659
1653
1646
1640
1633
1627
1620
1613
1607
1600
1594
1587
1581
1574
1567
1561
1554
1548
1541
1535
1528
1522
1515
1508
1502
1495
1489
1482
1476
1469
1462
1456
1449
1443
1436
1430
1423
1416
1410
1403
1397
1390
1384
1377
1371
1364
1357
1351
1344
1338
1331
1325
1318
1312
1305
1298
1292
1285
1279
1272
1266
1259
1252
1246
1239
1233
1226
1220
1213
1207
1200
1193
1182
1171
1159
1148
1137
1126
1114
1103
1092
1081
1070
1059
1048
1037
1026
1015
1004
993
982
971
961
950
939
928
918
907
896
885
875
864
854
843
833
822
812
801
791
780
770
760
749
739
729
719
708
698
688
678
668
658
648
638
628
618
608
598
588
578
568
558
548
538
529
519
509
499
490
480
470
461
451
442
432
423
413
404
394
385
375
366
357
347
338
329
319
310
301
292
283
273
264
255
246
237
228
219
210
201
192
183
174
165
156
147
139
130
121
112
104
95
86
78
69
60
52
43
34
26
17
9
0
-8
-16
-25
-33
-42
-50
-58
-67
-75
-83
-91
-100
-108
-116
-124
-132
-141
-149
-157
-165
-173
-181
-189
-197
-205
-213
-221
-229
-236
-244
-252
-260
-268
-276
-283
-291
-299
-307
-314
-322
-330
-337
-345
-352
-360
-367
-375
-383
-390
-397
-405
-412
-420
-427
-435
-442
-449
-457
-464
-471
-478
-486
-493
-500
-507
-515
-522
-529
-536
-543
-550
-557
-564
-571
-578
-585
-592
-599
-606
-613
-620
-627
-634
-641
-647
-654
-661
-668
-675
-681
-688
-695
-701
-708
-715
-721
-728
-735
-741
-748
-754
-761
-767
-774
-780
-787
-793
-800
-806
-812
-819
-825
-832
-838
-844
-851
-857
-863
-869
-876
-882
-888
-894
-900
-906
-913
-919
-925
-931
-937
-943
-949
-955
-961
-967
-973
-979
-985
-991
-997
-1003
-1009
-1015
-1020
-1026
-1032
-1038
-1044
-1049
-1055
-1061
-1067
-1072
-1078
-1084
-1089
-1095
-1101
-1106
-1112
-1118
-1123
-1129
-1134
-1140
-1145
-1151
-1156
-1162
-1167
-1173
-1178
-1184
-1189
-1194
-1200
-1205
-1210
-1216
-1221
-1226
-1232
-1237
-1242
-1248
-1253
-1258
-1263
-1268
-1274
-1279
-1284
-1289
-1294
-1299
-1304
-1309
-1315
-1320
-1325
-1330
-1335
-1340
-1345
-1350
-1355
-1360
-1365
-1370
-1374
-1379
-1384
-1389
-1394
-1399
-1404
-1409
-1413
-1418
-1423
-1428
-1433
-1437
-1442
-1447
-1451
-1456
-1461
-1466
-1470
-1475
-1480
-1484
-1489
-1493
-1498
-1503
-1507
-1512
-1516
-1521
-1525
-1530
-1535
-1539
-1544
-1548
-1552
-1557
-1561
-1566
-1570
-1575
-1579
-1583
-1588
-1592
-1597
-1601
-1605
-1610
-1614
-1618
-1623
-1627
-1631
-1635
-1640
-1644
-1648
-1652
-1657
-1661
-1665
-1669
-1674
-1678
-1682
-1686
-1690
-1694
-1698
-1703
-1707
-1711
-1715
-1719
-1723
-1727
-1731
-1735
-1739
-1743
-1747
-1751
-1755
-1760
-1764
-1768
-1772
-1775
-1779
-1783
-1787
-1791
-1795
-1799
-1803
-1807
-1811
-1815
-1819
-1823
-1827
-1831
-1834
-1838
-1842
-1846
-1850
-1854
-1858
-1861
-1865
-1869
-1873
-1877
-1880
-1884
-1888
-1892
-1896
-1899
-1903
-1907
-1911
-1915
-1918
-1922
-1926
-1929
-1933
-1937
-1941
-1944
-1948
-1952
-1956
-1959
-1963
-1967
-1970
-1974
-1978
-1982
-1985
-1989
-1993
-1996
-2000
-2004
-2008
-2011
-2015
-2019
-2022
-2026
-2030
-2034
-2037
-2041
-2045
-2048
-2048
-2038
-2027
-2017
-2006
-1996
-1985
-1975
-1964
-1954
-1943
-1933
-1922
-1912
-1901
-1891
-1880
-1870
-1859
-1849
-1838
-1828
-1817
-1807
-1796
-1786
-1775
-1765
-1754
-1744
-1733
-1723
-1712
-1702
-1691
-1681
-1670
-1660
-1649
-1639
-1628
-1618
-1607
-1597
-1586
-1576
-1565
-1555
-1544
-1534
-1523
-1513
-1502
-1492
-1481
-1471
-1460
-1450
-1439
-1429
-1418
-1408
-1397
-1387
-1376
-1366
-1355
-1345
-1334
-1324
-1313
-1303
-1292
-1282
-1271
-1261
-1250
-1240
-1229
-1219
-1208
-1198
-1187
-1177
-1166
-1156
-1145
-1135
-1124
-1114
-1103
-1093
-1082
-1072
-1061
-1051
-1040
-1030
-1019
-1009
-998
-988
-977
-967
-956
-946
-935
-925
-914
-904
-893
-883
-872
-862
-851
-841
-830
-820
-809
-799
-788
-778
-772
-767
-762
-757
-751
-746
-741
-736
-731
-726
-721
-716
-711
-706
-701
-696
-691
-686
-681
-677
-672
-667
-662
-657
-653
-648
-643
-639
-634
-629
-625
-620
-615
-611
-606
-602
-597
-593
-588
-584
-579
-575
-570
-566
-561
-557
-552
-548
-543
-539
-535
-530
-526
-521
-517
-513
-508
-504
-499
-495
-491
-486
-482
-478
-473
-469
-464
-460
-456
-451
-447
-443
-438
-434
-430
-425
-421
-417
-412
-408
-404
-399
-395
-390
-386
-382
-377
-373
-369
-364
-360
-355
-351
-347
-342
-338
-334
-329
-325
-320
-316
-311
-307
-303
-298
-294
-289
-285
-280
-276
-271
-267
-262
-258
-253
-249
-244
-240
-235
-231
-226
-222
-217
-213
-208
-204
-199
-194
-190
-185
-181
-176
-171
-167
-162
-157
-153
-148
-143
-139
-134
-129
-125
-120
-115
-111
-106
-101
-96
-92
-87
-82
-77
-72
-68
-63
-58
-53
-48
-43
-39
-34
-29
-24
-19
-14
-9
-4
1
6
11
16
20
25
30
35
40
45
50
55
61
66
71
76
81
86
91
96
101
106
111
117
122
127
132
137
142
148
153
158
163
169
174
179
184
190
195
200
205
211
216
221
227
232
237
243
248
253
259
264
270
275
281
286
291
297
302
308
313
319
324
330
335
341
346
352
357
363
368
374
380
385
391
396
402
408
413
419
425
430
436
442
447
453
459
464
470
476
481
487
493
499
504
510
516
522
528
533
539
545
551
557
562
568
574
580
586
592
598
604
609
615
621
627
633
639
645
651
657
663
669
675
681
687
693
699
705
711
717
723
729
735
741
747
753
759
765
772
778
784
790
796
802
808
814
821
827
833
839
845
851
858
864
870
876
882
889
895
901
907
914
920
926
932
939
945
951
958
964
970
976
983
989
995
1002
1008
1014
1021
1027
1033
1040
1046
1053
1059
1065
1072
1078
1085
1091
1097
1104
1110
1117
1123
1130
1136
1143
1149
1156
1162
1168
1175
1181
1188
1194
1201
1207
1214
1221
1227
1234
1240
1247
1253
1260
1266
1273
1280
1286
1293
1299
1306
1312
1319
1326
1332
1339
1346
1352
1359
1365
1372
1379
1385
1392
1399
1405
1412
1419
1425
1432
1439
1446
1452
1459
1466
1472
1479
1486
1493
1499
1506
1513
1519
1526
1533
1540
1547
1553
1560
1567
1574
1580
1587
1594
1601
1608
1614
1621
1628
1635
1642
1649
1655
1662
1669
1676
1683
1690
1696
1703
1710
1717
1724
1731
1738
1745
1751
1758
1764
1771
1777
1784
1791
1797
1804
1810
1817
1823
1830
1837
1843
1850
1856
1863
1869
1876
1882
1889
1896
1902
1909
1915
1922
1928
1935
1942
1948
1955
1961
1968
1974
1981
1987
1994
2001
2007
2014
2020
2027
2033
2040
2047
