2046
2040
2033
2027
2020
2014
2007
2001
1994
1982
1970
1959
1947
1935
1923
1912
1900
1888
1877
1865
1854
1842
1831
1819
1808
1796
1785
1773
1762
1751
1739
1728
1717
1706
1694
1683
1672
1661
1650
1638
1627
1616
1605
1594
1583
1572
1561
1550
1539
1528
1518
1507
1496
1485
1474
1464
1453
1442
1431
1421
1410
1399
1389
1378
1368
1357
1347
1336
1326
1315
1305
1294
1284
1274
1263
1253
1243
1232
1222
1212
1202
1191
1181
1171
1161
1151
1141
1131
1120
1110
1100
1090
1080
1070
1061
1051
1041
1031
1021
1011
1001
992
982
972
962
953
943
933
924
914
904
895
885
876
866
857
847
838
828
819
809
800
791
781
772
763
753
744
735
726
716
707
698
689
680
671
662
653
643
634
625
616
607
598
589
581
572
563
554
545
536
527
519
510
501
492
484
475
466
458
449
440
432
423
414
406
397
389
380
372
363
355
347
338
330
321
313
305
296
288
280
271
263
255
247
239
230
222
214
206
198
190
182
174
165
157
149
141
133
126
118
110
102
94
86
78
70
62
55
47
39
31
24
16
8
0
-7
-15
-22
-30
-38
-45
-53
-60
-68
-76
-83
-91
-98
-105
-113
-120
-128
-135
-143
-150
-157
-165
-172
-179
-186
-194
-201
-208
-215
-223
-230
-237
-244
-251
-258
-266
-273
-280
-287
-294
-301
-308
-315
-322
-329
-336
-343
-350
-357
-364
-370
-377
-384
-391
-398
-405
-411
-418
-425
-432
-438
-445
-452
-459
-465
-472
-479
-485
-492
-498
-505
-512
-518
-525
-531
-538
-544
-551
-557
-564
-570
-576
-583
-589
-596
-602
-608
-615
-621
-627
-634
-640
-646
-653
-659
-665
-671
-677
-684
-690
-696
-702
-708
-714
-720
-727
-733
-739
-745
-751
-757
-763
-769
-775
-781
-787
-793
-799
-805
-810
-816
-822
-828
-834
-840
-846
-851
-857
-863
-869
-875
-880
-886
-892
-897
-903
-909
-915
-920
-926
-931
-937
-943
-948
-954
-959
-965
-970
-976
-982
-987
-993
-998
-1003
-1009
-1014
-1020
-1025
-1031
-1036
-1041
-1047
-1052
-1057
-1063
-1068
-1073
-1079
-1084
-1089
-1095
-1100
-1105
-1110
-1115
-1121
-1126
-1131
-1136
-1141
-1146
-1152
-1157
-1162
-1167
-1172
-1177
-1182
-1187
-1192
-1197
-1202
-1207
-1212
-1217
-1222
-1227
-1232
-1237
-1242
-1247
-1252
-1257
-1261
-1266
-1271
-1276
-1281
-1286
-1290
-1295
-1300
-1305
-1310
-1314
-1319
-1324
-1328
-1333
-1338
-1343
-1347
-1352
-1357
-1361
-1366
-1370
-1375
-1380
-1384
-1389
-1393
-1398
-1402
-1407
-1411
-1416
-1420
-1425
-1429
-1434
-1438
-1443
-1447
-1452
-1456
-1460
-1465
-1469
-1474
-1478
-1482
-1487
-1491
-1495
-1500
-1504
-1508
-1512
-1517
-1521
-1525
-1529
-1534
-1538
-1542
-1546
-1551
-1555
-1559
-1563
-1567
-1571
-1575
-1580
-1584
-1588
-1592
-1596
-1600
-1604
-1608
-1612
-1616
-1620
-1624
-1628
-1632
-1636
-1639
-1642
-1646
-1649
-1653
-1656
-1660
-1663
-1667
-1670
-1673
-1677
-1680
-1684
-1687
-1691
-1694
-1698
-1701
-1704
-1708
-1711
-1715
-1718
-1722
-1725
-1728
-1732
-1735
-1739
-1742
-1746
-1749
-1753
-1756
-1759
-1763
-1766
-1770
-1773
-1777
-1780
-1784
-1787
-1790
-1794
-1797
-1801
-1804
-1808
-1811
-1815
-1818
-1821
-1825
-1828
-1832
-1835
-1839
-1842
-1845
-1849
-1852
-1856
-1859
-1863
-1866
-1870
-1873
-1876
-1880
-1883
-1887
-1890
-1894
-1897
-1901
-1904
-1907
-1911
-1914
-1918
-1921
-1925
-1928
-1932
-1935
-1938
-1942
-1945
-1949
-1952
-1956
-1959
-1962
-1966
-1969
-1973
-1976
-1980
-1983
-1987
-1990
-1993
-1997
-2000
-2004
-2007
-2011
-2014
-2018
-2021
-2024
-2028
-2031
-2035
-2038
-2042
-2045
-2048
-2048
-2040
-2031
-2022
-2014
-2005
-1996
-1988
-1979
-1970
-1962
-1953
-1944
-1935
-1927
-1918
-1909
-1901
-1892
-1883
-1875
-1866
-1857
-1849
-1840
-1832
-1823
-1815
-1806
-1798
-1789
-1781
-1772
-1764
-1755
-1747
-1738
-1730
-1721
-1713
-1705
-1696
-1688
-1680
-1671
-1663
-1655
-1646
-1638
-1630
-1621
-1613
-1605
-1596
-1588
-1580
-1572
-1563
-1555
-1547
-1539
-1531
-1523
-1514
-1506
-1498
-1490
-1482
-1474
-1466
-1457
-1449
-1441
-1433
-1425
-1417
-1409
-1401
-1393
-1385
-1377
-1369
-1361
-1353
-1345
-1337
-1329
-1321
-1313
-1305
-1298
-1290
-1282
-1274
-1266
-1258
-1250
-1242
-1235
-1227
-1219
-1211
-1203
-1196
-1188
-1180
-1172
-1165
-1157
-1149
-1141
-1134
-1126
-1118
-1111
-1103
-1095
-1088
-1080
-1072
-1065
-1057
-1050
-1042
-1034
-1027
-1019
-1012
-1004
-997
-989
-982
-974
-967
-959
-952
-944
-937
-929
-922
-914
-907
-900
-892
-885
-877
-870
-863
-855
-848
-841
-833
-826
-819
-811
-804
-797
-790
-782
-775
-768
-760
-753
-746
-739
-732
-724
-717
-710
-703
-696
-689
-681
-674
-667
-660
-653
-646
-639
-632
-625
-618
-611
-603
-596
-589
-582
-575
-568
-561
-554
-547
-540
-534
-527
-520
-513
-506
-499
-492
-485
-478
-471
-464
-458
-451
-444
-437
-430
-423
-417
-410
-403
-396
-389
-383
-376
-369
-362
-356
-349
-342
-336
-329
-322
-316
-309
-302
-296
-289
-282
-276
-269
-262
-256
-249
-243
-236
-229
-223
-216
-210
-203
-197
-190
-184
-177
-171
-164
-158
-151
-145
-138
-132
-126
-119
-113
-106
-100
-93
-87
-81
-74
-68
-62
-55
-49
-43
-36
-30
-24
-17
-11
-5
1
8
14
20
26
33
39
45
51
57
64
70
76
82
88
94
101
107
113
119
125
131
137
143
149
156
162
168
174
180
186
192
198
204
210
216
222
228
234
240
246
252
257
263
269
275
281
287
293
299
305
311
316
322
328
334
340
346
351
357
363
369
375
380
386
392
398
403
409
415
420
426
432
438
443
449
455
460
466
472
477
483
488
494
500
505
511
517
522
528
533
539
544
550
555
561
566
572
577
583
588
594
599
605
610
616
621
627
632
638
643
648
654
659
665
670
675
681
686
691
697
702
707
713
718
723
729
734
739
744
750
755
760
766
771
776
781
786
792
797
802
807
812
818
823
828
833
838
843
849
854
859
864
869
874
879
884
889
894
899
905
910
915
920
925
930
935
940
945
950
955
960
965
970
975
980
984
989
994
999
1004
1009
1014
1019
1024
1029
1034
1038
1043
1048
1053
1058
1063
1068
1072
1077
1082
1087
1092
1096
1101
1106
1111
1115
1120
1125
1130
1134
1139
1144
1149
1153
1158
1163
1167
1172
1177
1181
1186
1191
1195
1200
1207
1213
1220
1226
1233
1239
1246
1252
1259
1266
1272
1279
1285
1292
1298
1305
1312
1318
1325
1331
1338
1344
1351
1357
1364
1371
1377
1384
1390
1397
1403
1410
1417
1423
1430
1436
1443
1449
1456
1462
1469
1476
1482
1489
1495
1502
1508
1515
1522
1528
1535
1541
1548
1554
1561
1567
1574
1581
1587
1594
1600
1607
1613
1620
1627
1633
1640
1646
1653
1659
1666
1672
1679
1686
1692
1699
1705
1712
1718
1725
1732
1738
1745
1751
1758
1764
1771
1777
1784
1791
1797
1804
1810
1817
1823
1830
1837
1843
1850
1856
1863
1869
1876
1882
1889
1896
1902
1909
1915
1922
1928
1935
1942
1948
1955
1961
1968
1974
1981
1987
1994
2001
2007
2014
2020
2027
2033
2040
2047
