2047
2034
2021
2009
1997
1984
1972
1959
1947
1935
1922
1910
1898
1885
1873
1861
1848
1836
1824
1812
1800
1788
1775
1763
1751
1739
1727
1715
1703
1691
1679
1667
1655
1643
1632
1620
1608
1596
1584
1572
1561
1549
1537
1525
1514
1502
1490
1479
1467
1456
1444
1432
1421
1409
1398
1386
1375
1363
1352
1341
1329
1318
1306
1295
1284
1273
1261
1250
1239
1228
1216
1205
1194
1183
1172
1161
1150
1138
1127
1116
1105
1094
1083
1072
1062
1051
1040
1029
1018
1007
996
986
975
964
953
943
932
921
911
900
889
879
868
857
847
836
826
815
805
794
784
774
763
753
742
732
722
712
701
691
681
671
660
650
640
630
620
610
599
589
579
569
559
549
539
529
519
510
500
490
480
470
460
450
441
431
421
411
402
392
382
373
363
354
344
335
325
316
306
297
287
278
269
260
250
241
232
223
213
204
195
186
177
168
159
150
141
132
123
115
106
97
88
79
71
62
53
45
36
27
19
10
2
-7
-15
-24
-32
-41
-49
-57
-66
-74
-82
-91
-99
-107
-115
-123
-132
-140
-148
-156
-164
-172
-180
-188
-196
-204
-212
-220
-228
-235
-243
-251
-259
-267
-274
-282
-290
-297
-305
-313
-320
-328
-335
-343
-350
-358
-365
-373
-380
-387
-395
-402
-409
-417
-424
-431
-439
-446
-453
-460
-467
-474
-481
-489
-496
-503
-510
-517
-524
-531
-538
-545
-551
-558
-565
-572
-579
-586
-592
-599
-606
-613
-619
-626
-633
-639
-646
-653
-659
-666
-672
-679
-685
-692
-698
-705
-711
-717
-724
-730
-737
-743
-749
-755
-762
-768
-774
-780
-787
-793
-799
-805
-811
-817
-823
-829
-835
-841
-847
-853
-859
-865
-871
-877
-883
-889
-895
-901
-907
-912
-918
-924
-930
-935
-941
-947
-953
-958
-964
-970
-975
-981
-986
-992
-997
-1003
-1009
-1014
-1020
-1025
-1030
-1036
-1041
-1047
-1052
-1057
-1063
-1068
-1073
-1079
-1084
-1089
-1095
-1100
-1105
-1110
-1115
-1121
-1126
-1131
-1136
-1141
-1146
-1151
-1156
-1161
-1166
-1171
-1177
-1181
-1186
-1191
-1196
-1201
-1206
-1211
-1216
-1221
-1226
-1231
-1235
-1240
-1245
-1250
-1254
-1259
-1264
-1269
-1273
-1278
-1283
-1287
-1292
-1297
-1301
-1306
-1310
-1315
-1320
-1324
-1329
-1333
-1338
-1342
-1347
-1351
-1356
-1360
-1364
-1369
-1373
-1378
-1382
-1386
-1391
-1395
-1399
-1404
-1408
-1412
-1416
-1421
-1425
-1429
-1433
-1437
-1442
-1446
-1450
-1454
-1458
-1462
-1466
-1470
-1475
-1479
-1483
-1487
-1491
-1495
-1499
-1503
-1507
-1511
-1515
-1518
-1522
-1526
-1530
-1534
-1538
-1542
-1546
-1549
-1553
-1557
-1561
-1565
-1568
-1572
-1576
-1580
-1583
-1587
-1591
-1595
-1598
-1602
-1606
-1609
-1613
-1616
-1620
-1624
-1627
-1631
-1634
-1638
-1641
-1645
-1649
-1652
-1656
-1659
-1662
-1666
-1669
-1673
-1676
-1680
-1683
-1686
-1690
-1693
-1697
-1700
-1703
-1707
-1710
-1713
-1717
-1720
-1723
-1726
-1730
-1733
-1736
-1739
-1743
-1746
-1749
-1752
-1755
-1759
-1762
-1765
-1768
-1771
-1774
-1777
-1780
-1783
-1787
-1790
-1793
-1796
-1799
-1802
-1805
-1808
-1811
-1814
-1817
-1820
-1823
-1826
-1829
-1831
-1834
-1837
-1840
-1843
-1846
-1849
-1852
-1855
-1857
-1860
-1863
-1866
-1869
-1872
-1874
-1877
-1880
-1883
-1885
-1888
-1891
-1894
-1896
-1899
-1902
-1904
-1907
-1910
-1912
-1915
-1918
-1920
-1923
-1926
-1928
-1931
-1933
-1936
-1939
-1941
-1944
-1946
-1949
-1951
-1954
-1956
-1959
-1961
-1964
-1966
-1969
-1971
-1974
-1976
-1979
-1981
-1984
-1986
-1988
-1991
-1993
-1996
-1998
-2000
-2003
-2005
-2007
-2010
-2012
-2014
-2017
-2019
-2021
-2024
-2026
-2028
-2031
-2033
-2035
-2037
-2040
-2042
-2044
-2046
-2048
-2048
-2036
-2023
-2010
-1997
-1984
-1972
-1959
-1946
-1934
-1921
-1909
-1896
-1884
-1871
-1859
-1847
-1834
-1822
-1810
-1798
-1786
-1774
-1762
-1749
-1738
-1726
-1714
-1702
-1690
-1678
-1667
-1655
-1643
-1632
-1620
-1609
-1597
-1586
-1574
-1563
-1551
-1540
-1529
-1518
-1506
-1495
-1484
-1473
-1462
-1451
-1440
-1429
-1418
-1408
-1397
-1386
-1375
-1365
-1354
-1344
-1333
-1322
-1312
-1302
-1291
-1281
-1271
-1260
-1250
-1240
-1230
-1220
-1209
-1199
-1189
-1179
-1170
-1160
-1150
-1140
-1130
-1121
-1111
-1101
-1092
-1082
-1073
-1063
-1054
-1044
-1035
-1026
-1016
-1007
-998
-989
-979
-970
-961
-952
-943
-934
-926
-917
-908
-899
-890
-882
-873
-864
-856
-847
-839
-830
-822
-813
-805
-797
-789
-780
-772
-764
-756
-748
-739
-731
-723
-715
-707
-699
-691
-684
-676
-668
-660
-652
-645
-637
-629
-622
-614
-606
-599
-591
-584
-576
-569
-561
-554
-547
-539
-532
-525
-517
-510
-503
-496
-489
-481
-474
-467
-460
-453
-446
-439
-432
-425
-418
-412
-405
-398
-391
-384
-378
-371
-364
-357
-351
-344
-338
-331
-324
-318
-311
-305
-298
-292
-285
-279
-273
-266
-260
-254
-247
-241
-235
-229
-222
-216
-210
-204
-198
-192
-185
-179
-173
-167
-161
-155
-149
-143
-137
-131
-125
-120
-114
-108
-102
-96
-90
-85
-79
-73
-67
-62
-56
-50
-45
-39
-33
-28
-22
-17
-11
-5
0
6
11
17
22
27
33
38
44
49
55
60
65
71
76
81
87
92
97
102
108
113
118
123
128
134
139
144
149
154
159
164
170
175
180
185
190
195
200
205
210
215
220
225
230
235
240
245
250
254
259
264
269
274
279
284
289
293
298
303
308
313
317
322
327
332
337
341
346
351
355
360
365
370
374
379
384
388
393
398
402
407
412
416
421
426
430
435
439
444
449
453
458
462
467
472
476
481
485
490
494
499
504
508
513
517
522
526
531
535
540
544
549
553
558
562
567
571
576
580
585
589
594
598
603
607
612
616
621
625
630
634
639
643
648
652
657
661
666
670
675
679
684
688
693
697
701
706
710
715
719
724
728
733
737
742
746
751
755
760
764
769
773
778
782
787
791
796
801
805
810
814
819
823
828
832
837
841
846
851
855
860
864
869
873
878
883
887
892
896
901
906
910
915
920
924
929
934
938
943
948
952
957
962
966
971
976
981
985
990
995
1000
1004
1009
1014
1019
1023
1028
1033
1038
1043
1048
1052
1057
1062
1067
1072
1077
1082
1087
1092
1096
1101
1106
1111
1116
1121
1126
1131
1136
1141
1146
1151
1156
1161
1167
1172
1177
1182
1187
1192
1197
1202
1208
1213
1218
1223
1228
1234
1239
1244
1249
1255
1260
1265
1270
1276
1281
1286
1292
1297
1303
1308
1313
1319
1324
1330
1335
1341
1346
1352
1357
1363
1369
1374
1380
1385
1391
1397
1402
1408
1414
1419
1425
1431
1437
1442
1448
1454
1460
1466
1471
1477
1483
1489
1495
1501
1507
1513
1519
1525
1531
1537
1543
1549
1555
1561
1568
1574
1580
1586
1592
1599
1605
1611
1617
1624
1630
1636
1643
1649
1656
1662
1669
1675
1682
1688
1695
1701
1708
1714
1721
1728
1734
1741
1748
1754
1761
1768
1775
1782
1788
1795
1802
1809
1816
1823
1830
1837
1844
1851
1858
1865
1872
1879
1886
1893
1900
1907
1914
1921
1928
1935
1942
1949
1956
1963
1970
1977
1984
1990
1997
2004
2011
2018
2025
2032
2039
2047