2047
2039
2032
2025
2018
2011
2004
1997
1990
1983
1976
1969
1962
1955
1948
1941
1934
1927
1920
1913
1906
1899
1892
1885
1878
1871
1864
1857
1850
1843
1836
1829
1822
1815
1808
1801
1794
1787
1780
1773
1766
1759
1752
1745
1738
1731
1724
1718
1711
1704
1697
1690
1683
1676
1669
1662
1655
1648
1641
1634
1627
1620
1613
1606
1599
1592
1586
1579
1572
1565
1558
1551
1544
1537
1530
1523
1516
1509
1502
1496
1489
1482
1475
1468
1461
1454
1447
1440
1433
1426
1420
1413
1406
1399
1392
1385
1378
1371
1364
1358
1351
1344
1337
1330
1323
1316
1309
1303
1296
1289
1282
1275
1268
1261
1255
1248
1241
1234
1227
1220
1213
1207
1200
1193
1186
1179
1172
1165
1159
1152
1145
1138
1131
1124
1118
1111
1104
1097
1090
1084
1077
1070
1063
1056
1049
1043
1036
1029
1022
1015
1009
1002
995
988
981
975
968
961
954
947
941
934
927
920
913
907
900
893
886
880
873
866
859
853
846
839
832
825
819
812
805
798
792
785
778
771
765
758
751
744
738
731
724
717
711
704
697
691
684
677
670
664
657
650
643
637
630
623
617
610
603
596
590
583
576
570
563
556
550
543
536
529
523
516
509
503
496
489
483
476
469
463
456
449
442
436
429
422
416
409
402
396
389
382
376
369
363
356
349
343
336
329
323
316
309
303
296
289
283
276
269
263
256
250
243
236
230
223
216
210
203
197
190
183
177
170
163
157
150
144
137
130
124
117
111
104
97
91
84
78
71
64
58
51
45
38
32
25
18
12
5
-1
-8
-15
-21
-28
-34
-41
-47
-54
-60
-67
-74
-80
-87
-93
-100
-106
-113
-119
-126
-133
-139
-146
-152
-159
-165
-172
-178
-185
-191
-198
-204
-211
-218
-224
-231
-237
-244
-250
-257
-263
-270
-276
-283
-289
-296
-302
-309
-315
-322
-328
-335
-341
-348
-354
-361
-367
-374
-380
-387
-393
-400
-406
-413
-419
-426
-432
-439
-445
-451
-458
-464
-471
-477
-484
-490
-497
-503
-510
-516
-523
-529
-536
-542
-548
-555
-561
-568
-574
-581
-587
-594
-600
-606
-613
-619
-626
-632
-639
-645
-651
-658
-664
-671
-677
-684
-690
-696
-703
-709
-716
-722
-728
-735
-741
-748
-754
-760
-767
-773
-780
-786
-792
-799
-805
-812
-818
-824
-831
-837
-844
-850
-856
-863
-869
-875
-882
-888
-895
-901
-907
-914
-920
-926
-933
-939
-945
-952
-958
-965
-971
-977
-984
-990
-996
-1003
-1009
-1015
-1022
-1028
-1034
-1041
-1047
-1053
-1060
-1066
-1072
-1079
-1085
-1091
-1098
-1104
-1110
-1117
-1123
-1129
-1136
-1142
-1148
-1155
-1161
-1167
-1173
-1180
-1186
-1192
-1199
-1205
-1211
-1218
-1224
-1230
-1236
-1243
-1249
-1255
-1262
-1268
-1274
-1280
-1287
-1293
-1299
-1306
-1312
-1318
-1324
-1331
-1337
-1343
-1350
-1356
-1362
-1368
-1375
-1381
-1387
-1393
-1400
-1406
-1412
-1418
-1425
-1431
-1437
-1443
-1450
-1456
-1462
-1468
-1475
-1481
-1487
-1493
-1500
-1506
-1512
-1518
-1524
-1531
-1537
-1543
-1549
-1556
-1562
-1568
-1574
-1580
-1587
-1593
-1599
-1605
-1611
-1618
-1624
-1630
-1636
-1642
-1649
-1655
-1661
-1667
-1673
-1680
-1686
-1692
-1698
-1704
-1711
-1717
-1723
-1729
-1735
-1741
-1748
-1754
-1760
-1766
-1772
-1778
-1785
-1791
-1797
-1803
-1809
-1815
-1822
-1828
-1834
-1840
-1846
-1852
-1859
-1865
-1871
-1877
-1883
-1889
-1895
-1902
-1908
-1914
-1920
-1926
-1932
-1938
-1945
-1951
-1957
-1963
-1969
-1975
-1981
-1987
-1993
-2000
-2006
-2012
-2018
-2024
-2030
-2036
-2042
-2048
-2048
-2041
-2034
-2027
-2020
-2013
-2006
-1999
-1992
-1985
-1977
-1970
-1963
-1956
-1949
-1942
-1935
-1928
-1921
-1914
-1907
-1899
-1892
-1885
-1878
-1871
-1864
-1857
-1850
-1843
-1836
-1829
-1822
-1815
-1808
-1801
-1794
-1786
-1779
-1772
-1765
-1758
-1751
-1744
-1737
-1730
-1723
-1716
-1709
-1702
-1695
-1688
-1681
-1674
-1667
-1660
-1653
-1646
-1639
-1632
-1625
-1618
-1611
-1604
-1597
-1590
-1583
-1576
-1569
-1562
-1555
-1548
-1541
-1534
-1527
-1520
-1513
-1506
-1499
-1492
-1485
-1478
-1471
-1464
-1457
-1450
-1443
-1436
-1429
-1422
-1415
-1409
-1402
-1395
-1388
-1381
-1374
-1367
-1360
-1353
-1346
-1339
-1332
-1325
-1318
-1311
-1304
-1298
-1291
-1284
-1277
-1270
-1263
-1256
-1249
-1242
-1235
-1228
-1222
-1215
-1208
-1201
-1194
-1187
-1180
-1173
-1166
-1160
-1153
-1146
-1139
-1132
-1125
-1118
-1111
-1104
-1098
-1091
-1084
-1077
-1070
-1063
-1056
-1050
-1043
-1036
-1029
-1022
-1015
-1008
-1002
-995
-988
-981
-974
-967
-961
-954
-947
-940
-933
-926
-920
-913
-906
-899
-892
-886
-879
-872
-865
-858
-852
-845
-838
-831
-824
-818
-811
-804
-797
-790
-784
-777
-770
-763
-756
-750
-743
-736
-729
-723
-716
-709
-702
-696
-689
-682
-675
-668
-662
-655
-648
-641
-635
-628
-621
-614
-608
-601
-594
-588
-581
-574
-567
-561
-554
-547
-540
-534
-527
-520
-514
-507
-500
-493
-487
-480
-473
-467
-460
-453
-446
-440
-433
-426
-420
-413
-406
-400
-393
-386
-380
-373
-366
-360
-353
-346
-340
-333
-326
-320
-313
-306
-300
-293
-286
-280
-273
-266
-260
-253
-246
-240
-233
-226
-220
-213
-207
-200
-193
-187
-180
-173
-167
-160
-154
-147
-140
-134
-127
-120
-114
-107
-101
-94
-87
-81
-74
-68
-61
-54
-48
-41
-35
-28
-21
-15
-8
-2
5
11
18
25
31
38
44
51
57
64
71
77
84
90
97
103
110
116
123
130
136
143
149
156
162
169
175
182
188
195
201
208
214
221
227
234
241
247
254
260
267
273
280
286
293
299
306
312
319
325
332
338
345
351
358
364
370
377
383
390
396
403
409
416
422
429
435
442
448
455
461
468
474
480
487
493
500
506
513
519
526
532
538
545
551
558
564
571
577
583
590
596
603
609
616
622
628
635
641
648
654
660
667
673
680
686
692
699
705
712
718
724
731
737
743
750
756
763
769
775
782
788
794
801
807
814
820
826
833
839
845
852
858
864
871
877
883
890
896
902
909
915
921
928
934
940
947
953
959
966
972
978
985
991
997
1004
1010
1016
1023
1029
1035
1042
1048
1054
1060
1067
1073
1079
1086
1092
1098
1104
1111
1117
1123
1130
1136
1142
1148
1155
1161
1167
1173
1180
1186
1192
1199
1205
1211
1217
1224
1230
1236
1242
1249
1255
1261
1267
1274
1280
1286
1292
1298
1305
1311
1317
1323
1330
1336
1342
1348
1355
1361
1367
1373
1379
1386
1392
1398
1404
1410
1417
1423
1429
1435
1441
1448
1454
1460
1466
1472
1479
1485
1491
1497
1503
1509
1516
1522
1528
1534
1540
1546
1553
1559
1565
1571
1577
1583
1590
1596
1602
1608
1614
1620
1626
1633
1639
1645
1651
1657
1663
1669
1676
1682
1688
1694
1700
1706
1712
1718
1725
1731
1737
1743
1749
1755
1761
1767
1773
1780
1786
1792
1798
1804
1810
1816
1822
1828
1834
1841
1847
1853
1859
1865
1871
1877
1883
1889
1895
1901
1907
1913
1919
1926
1932
1938
1944
1950
1956
1962
1968
1974
1980
1986
1992
1998
2004
2010
2016
2022
2028
2034
2040
2047
