2047
2040
2033
2027
2020
2014
2007
2001
1994
1987
1981
1974
1968
1961
1955
1948
1942
1935
1928
1922
1915
1909
1902
1896
1889
1882
1876
1869
1863
1856
1850
1843
1837
1830
1823
1817
1810
1804
1797
1791
1784
1777
1771
1764
1758
1751
1745
1738
1732
1725
1718
1712
1705
1699
1692
1686
1679
1672
1666
1659
1653
1646
1640
1633
1627
1620
1613
1607
1600
1594
1587
1581
1574
1567
1561
1554
1548
1541
1535
1528
1522
1515
1508
1502
1495
1489
1482
1476
1469
1462
1456
1449
1443
1436
1430
1423
1417
1410
1403
1397
1390
1384
1377
1371
1364
1357
1351
1344
1338
1331
1325
1318
1312
1305
1298
1292
1285
1279
1272
1266
1259
1252
1246
1239
1233
1226
1220
1213
1207
1200
1193
1174
1154
1135
1115
1096
1077
1059
1040
1021
1003
985
967
949
932
914
897
879
862
845
828
812
795
779
762
746
730
714
699
683
667
652
637
622
607
592
577
562
548
533
519
505
490
476
462
449
435
421
408
395
381
368
355
342
329
316
304
291
278
266
254
241
229
217
205
193
181
170
158
146
135
124
112
101
90
79
68
57
46
35
24
14
3
-7
-18
-28
-38
-49
-59
-69
-79
-89
-99
-109
-118
-128
-138
-147
-157
-166
-176
-185
-194
-204
-213
-222
-231
-240
-249
-258
-267
-276
-284
-293
-302
-310
-319
-327
-336
-344
-353
-361
-369
-377
-385
-394
-402
-410
-418
-426
-433
-441
-449
-457
-465
-472
-480
-488
-495
-503
-510
-518
-525
-532
-540
-547
-554
-561
-569
-576
-583
-590
-597
-604
-611
-618
-625
-632
-638
-645
-652
-659
-666
-672
-679
-685
-692
-699
-705
-712
-718
-725
-731
-737
-744
-750
-756
-763
-769
-775
-781
-787
-793
-800
-806
-812
-818
-824
-830
-836
-842
-847
-853
-859
-865
-871
-877
-882
-888
-894
-900
-905
-911
-917
-922
-928
-933
-939
-944
-950
-955
-961
-966
-972
-977
-983
-988
-993
-999
-1004
-1009
-1014
-1020
-1025
-1030
-1035
-1041
-1046
-1051
-1056
-1061
-1066
-1071
-1076
-1081
-1086
-1091
-1096
-1101
-1106
-1111
-1116
-1121
-1126
-1131
-1136
-1141
-1145
-1150
-1155
-1160
-1165
-1169
-1174
-1179
-1184
-1188
-1193
-1198
-1202
-1207
-1212
-1216
-1221
-1226
-1230
-1235
-1239
-1244
-1248
-1253
-1257
-1262
-1266
-1271
-1275
-1280
-1284
-1289
-1293
-1297
-1302
-1306
-1311
-1315
-1319
-1324
-1328
-1332
-1336
-1341
-1345
-1349
-1354
-1358
-1362
-1366
-1370
-1375
-1379
-1383
-1387
-1391
-1396
-1400
-1404
-1408
-1412
-1416
-1420
-1424
-1428
-1432
-1436
-1440
-1444
-1449
-1453
-1457
-1461
-1465
-1468
-1472
-1476
-1480
-1484
-1488
-1492
-1496
-1500
-1504
-1508
-1512
-1515
-1519
-1523
-1527
-1531
-1535
-1538
-1542
-1546
-1550
-1554
-1557
-1561
-1565
-1569
-1572
-1576
-1580
-1584
-1587
-1591
-1595
-1598
-1602
-1606
-1609
-1613
-1617
-1620
-1624
-1628
-1631
-1635
-1639
-1642
-1646
-1649
-1653
-1656
-1660
-1664
-1667
-1671
-1674
-1678
-1681
-1685
-1688
-1692
-1695
-1699
-1702
-1706
-1709
-1713
-1716
-1720
-1723
-1726
-1730
-1733
-1737
-1740
-1744
-1747
-1750
-1754
-1757
-1760
-1764
-1767
-1770
-1774
-1777
-1781
-1784
-1787
-1790
-1794
-1797
-1800
-1804
-1807
-1810
-1813
-1817
-1820
-1823
-1826
-1830
-1833
-1836
-1839
-1843
-1846
-1849
-1852
-1855
-1859
-1862
-1865
-1868
-1871
-1874
-1878
-1881
-1884
-1887
-1890
-1893
-1896
-1900
-1903
-1906
-1909
-1912
-1915
-1918
-1921
-1924
-1927
-1930
-1933
-1936
-1940
-1943
-1946
-1949
-1952
-1955
-1958
-1961
-1964
-1967
-1970
-1973
-1976
-1979
-1982
-1985
-1987
-1990
-1993
-1996
-1999
-2002
-2005
-2008
-2011
-2014
-2017
-2019
-2022
-2025
-2028
-2031
-2034
-2037
-2040
-2043
-2046
-2048
-2048
-2037
-2026
-2015
-2004
-1993
-1982
-1971
-1960
-1948
-1937
-1926
-1915
-1904
-1893
-1882
-1871
-1860
-1848
-1837
-1826
-1815
-1804
-1793
-1782
-1771
-1759
-1748
-1737
-1726
-1715
-1704
-1693
-1682
-1671
-1659
-1648
-1637
-1626
-1615
-1604
-1593
-1582
-1570
-1559
-1548
-1537
-1526
-1515
-1504
-1493
-1482
-1470
-1459
-1448
-1437
-1426
-1415
-1404
-1393
-1381
-1370
-1359
-1348
-1337
-1326
-1315
-1304
-1293
-1281
-1270
-1259
-1248
-1237
-1226
-1215
-1204
-1192
-1181
-1170
-1159
-1148
-1137
-1126
-1115
-1104
-1092
-1081
-1070
-1059
-1048
-1037
-1026
-1015
-1003
-992
-981
-970
-959
-948
-937
-926
-915
-903
-892
-881
-870
-859
-848
-837
-826
-814
-803
-792
-781
-770
-759
-748
-737
-726
-714
-703
-702
-701
-700
-698
-697
-695
-693
-692
-690
-688
-685
-683
-681
-678
-675
-673
-670
-667
-664
-661
-658
-654
-651
-647
-644
-640
-637
-633
-629
-625
-621
-617
-613
-608
-604
-600
-595
-591
-586
-582
-577
-572
-567
-562
-558
-553
-548
-543
-537
-532
-527
-522
-517
-511
-506
-500
-495
-489
-484
-478
-473
-467
-461
-456
-450
-444
-438
-433
-427
-421
-415
-409
-403
-397
-391
-385
-379
-373
-367
-361
-354
-348
-342
-336
-330
-323
-317
-311
-305
-298
-292
-286
-279
-273
-267
-260
-254
-248
-241
-235
-228
-222
-216
-209
-203
-196
-190
-183
-177
-170
-164
-157
-151
-144
-138
-131
-125
-118
-112
-105
-99
-92
-86
-79
-73
-66
-60
-53
-47
-40
-34
-27
-21
-14
-7
-1
6
12
19
25
32
38
45
51
58
64
71
77
84
90
97
103
110
116
123
129
136
142
148
155
161
168
174
181
187
194
200
206
213
219
226
232
238
245
251
258
264
270
277
283
289
296
302
308
315
321
327
334
340
346
352
359
365
371
378
384
390
396
403
409
415
421
427
434
440
446
452
458
465
471
477
483
489
495
501
508
514
520
526
532
538
544
550
556
562
568
575
581
587
593
599
605
611
617
623
629
635
641
647
653
658
664
670
676
682
688
694
700
706
712
718
723
729
735
741
747
753
759
764
770
776
782
788
793
799
805
811
816
822
828
834
839
845
851
857
862
868
874
879
885
891
896
902
908
913
919
924
930
936
941
947
952
958
964
969
975
980
986
991
997
1002
1008
1013
1019
1024
1030
1035
1041
1046
1052
1057
1063
1068
1074
1079
1084
1090
1095
1101
1106
1111
1117
1122
1128
1133
1138
1144
1149
1154
1160
1165
1170
1175
1181
1186
1191
1197
1202
1207
1212
1218
1223
1228
1233
1239
1244
1249
1254
1259
1265
1270
1275
1280
1285
1290
1295
1301
1306
1311
1316
1321
1326
1331
1336
1341
1347
1352
1357
1362
1367
1372
1377
1382
1387
1392
1397
1402
1407
1412
1417
1422
1427
1432
1437
1442
1447
1452
1456
1461
1466
1471
1476
1481
1486
1491
1496
1501
1505
1510
1515
1520
1525
1530
1534
1539
1544
1549
1554
1558
1563
1568
1573
1578
1582
1587
1592
1597
1601
1606
1611
1615
1620
1625
1630
1634
1639
1644
1648
1653
1658
1662
1667
1671
1676
1681
1685
1690
1695
1699
1704
1708
1713
1718
1722
1727
1731
1736
1740
1745
1749
1754
1758
1763
1767
1772
1776
1781
1785
1790
1794
1799
1803
1808
1812
1817
1821
1825
1830
1834
1839
1843
1847
1852
1856
1863
1869
1876
1882
1889
1896
1902
1909
1915
1922
1928
1935
1941
1948
1955
1961
1968
1974
1981
1987
1994
2001
2007
2014
2020
2027
2033
2040
2047
