2047
2030
2014
1997
1981
1965
1948
1932
1916
1900
1884
1868
1852
1836
1820
1804
1788
1772
1756
1740
1724
1708
1693
1677
1661
1646
1630
1614
1599
1583
1568
1552
1537
1521
1506
1491
1475
1460
1445
1430
1415
1399
1384
1369
1354
1339
1324
1309
1294
1279
1264
1250
1235
1220
1205
1191
1176
1161
1147
1132
1118
1103
1089
1074
1060
1045
1031
1017
1002
988
974
960
945
931
917
903
889
875
861
847
833
819
805
792
778
764
750
737
723
709
696
682
669
655
642
628
615
601
588
575
562
548
535
522
509
496
482
469
456
443
430
417
405
392
379
366
353
341
328
315
302
290
277
265
252
240
227
215
202
190
178
165
153
141
129
116
104
92
80
68
56
44
32
20
8
-4
-15
-27
-39
-51
-62
-74
-86
-97
-109
-120
-132
-143
-155
-166
-178
-189
-200
-212
-223
-234
-245
-256
-268
-279
-290
-301
-312
-323
-334
-345
-356
-366
-377
-388
-399
-409
-420
-431
-441
-452
-462
-473
-483
-494
-504
-514
-524
-534
-544
-554
-564
-574
-584
-594
-604
-613
-623
-632
-642
-651
-660
-670
-679
-688
-697
-706
-714
-723
-732
-740
-749
-757
-766
-774
-782
-790
-798
-806
-814
-821
-829
-837
-844
-851
-859
-866
-873
-880
-887
-893
-900
-907
-913
-920
-926
-932
-938
-944
-951
-957
-962
-968
-974
-980
-986
-991
-997
-1002
-1008
-1013
-1018
-1024
-1029
-1034
-1039
-1045
-1050
-1055
-1060
-1065
-1070
-1074
-1079
-1084
-1089
-1094
-1099
-1103
-1108
-1113
-1117
-1122
-1127
-1131
-1136
-1140
-1145
-1149
-1154
-1158
-1163
-1167
-1171
-1176
-1180
-1184
-1189
-1193
-1197
-1202
-1206
-1210
-1214
-1218
-1223
-1227
-1231
-1235
-1239
-1243
-1247
-1251
-1256
-1260
-1264
-1268
-1272
-1276
-1280
-1283
-1287
-1291
-1295
-1299
-1303
-1307
-1311
-1315
-1318
-1322
-1326
-1330
-1334
-1337
-1341
-1345
-1349
-1352
-1356
-1360
-1363
-1367
-1370
-1374
-1378
-1381
-1385
-1388
-1392
-1395
-1399
-1402
-1406
-1409
-1412
-1416
-1419
-1423
-1426
-1429
-1432
-1436
-1439
-1442
-1446
-1449
-1452
-1455
-1458
-1461
-1465
-1468
-1471
-1474
-1477
-1480
-1483
-1486
-1489
-1492
-1495
-1498
-1501
-1504
-1507
-1510
-1513
-1516
-1519
-1522
-1525
-1528
-1531
-1533
-1536
-1539
-1542
-1545
-1548
-1550
-1553
-1556
-1559
-1562
-1564
-1567
-1570
-1573
-1575
-1578
-1581
-1584
-1586
-1589
-1592
-1594
-1597
-1600
-1603
-1605
-1608
-1611
-1613
-1616
-1619
-1621
-1624
-1626
-1629
-1632
-1634
-1637
-1640
-1642
-1645
-1647
-1650
-1653
-1655
-1658
-1660
-1663
-1665
-1668
-1670
-1673
-1676
-1678
-1681
-1683
-1686
-1688
-1691
-1693
-1696
-1698
-1701
-1703
-1706
-1708
-1711
-1713
-1715
-1718
-1720
-1723
-1725
-1728
-1730
-1733
-1735
-1737
-1740
-1742
-1745
-1747
-1749
-1752
-1754
-1756
-1759
-1761
-1763
-1766
-1768
-1770
-1773
-1775
-1777
-1780
-1782
-1784
-1787
-1789
-1791
-1794
-1796
-1798
-1800
-1803
-1805
-1807
-1809
-1812
-1814
-1816
-1818
-1821
-1823
-1825
-1827
-1830
-1832
-1834
-1836
-1838
-1841
-1843
-1845
-1847
-1849
-1852
-1854
-1856
-1858
-1860
-1862
-1865
-1867
-1869
-1871
-1873
-1875
-1878
-1880
-1882
-1884
-1886
-1888
-1890
-1892
-1894
-1897
-1899
-1901
-1903
-1905
-1907
-1909
-1911
-1913
-1915
-1917
-1919
-1921
-1923
-1925
-1927
-1929
-1931
-1933
-1935
-1937
-1939
-1941
-1943
-1945
-1947
-1948
-1950
-1952
-1954
-1956
-1958
-1960
-1962
-1963
-1965
-1967
-1969
-1971
-1973
-1974
-1976
-1978
-1980
-1981
-1983
-1985
-1987
-1988
-1990
-1992
-1994
-1995
-1997
-1999
-2000
-2002
-2004
-2005
-2007
-2009
-2010
-2012
-2013
-2015
-2017
-2018
-2020
-2021
-2023
-2025
-2026
-2028
-2029
-2031
-2032
-2034
-2035
-2037
-2038
-2040
-2041
-2043
-2044
-2046
-2047
-2048
-2048
-2021
-1993
-1965
-1938
-1910
-1883
-1857
-1830
-1804
-1777
-1751
-1725
-1700
-1674
-1649
-1624
-1599
-1574
-1549
-1525
-1501
-1477
-1453
-1429
-1406
-1383
-1360
-1337
-1314
-1292
-1270
-1247
-1226
-1204
-1182
-1161
-1140
-1119
-1098
-1078
-1057
-1037
-1017
-997
-978
-958
-939
-920
-901
-882
-864
-846
-828
-810
-792
-775
-757
-740
-723
-706
-690
-673
-657
-641
-625
-610
-594
-579
-564
-549
-535
-520
-506
-492
-478
-464
-451
-437
-424
-411
-398
-386
-373
-361
-349
-337
-326
-314
-303
-292
-281
-271
-260
-250
-240
-230
-220
-211
-201
-192
-183
-174
-166
-157
-149
-141
-133
-126
-118
-111
-104
-97
-91
-84
-78
-72
-66
-60
-54
-49
-44
-39
-34
-30
-25
-21
-17
-13
-10
-6
-3
0
3
6
8
10
13
14
16
18
19
20
21
22
23
23
23
23
23
23
22
21
20
19
18
16
15
13
11
9
6
4
2
0
-2
-4
-6
-7
-9
-10
-11
-12
-13
-13
-14
-14
-15
-15
-15
-15
-15
-15
-14
-14
-13
-13
-12
-11
-10
-9
-8
-7
-5
-4
-2
-1
1
3
5
7
9
11
13
16
18
20
23
26
28
31
34
37
40
43
46
49
52
56
59
62
66
69
73
77
80
84
88
92
96
100
104
108
112
116
120
124
128
133
137
142
146
150
155
159
164
169
173
178
183
187
192
197
202
207
212
217
222
227
232
237
242
247
252
257
262
267
273
278
283
288
294
299
304
309
315
320
326
331
336
342
347
353
358
364
369
375
380
386
391
397
402
408
414
419
425
430
436
442
447
453
459
464
470
476
481
487
493
498
504
510
515
521
527
533
538
544
550
555
561
567
573
578
584
590
596
601
607
613
619
624
630
636
641
647
653
659
664
670
676
682
687
693
699
705
710
716
722
727
733
739
745
750
756
762
767
773
779
784
790
796
801
807
813
818
824
830
835
841
847
852
858
863
869
875
880
886
891
897
903
908
914
919
925
930
936
942
947
953
958
964
969
975
980
986
991
997
1002
1008
1013
1019
1024
1029
1035
1040
1046
1051
1056
1062
1067
1073
1078
1083
1089
1094
1099
1105
1110
1116
1121
1126
1131
1137
1142
1147
1153
1158
1163
1168
1174
1179
1184
1189
1195
1200
1205
1210
1215
1221
1226
1231
1236
1241
1246
1252
1257
1262
1267
1272
1277
1282
1287
1292
1297
1302
1308
1313
1318
1323
1328
1333
1338
1343
1348
1353
1358
1363
1368
1372
1377
1382
1387
1392
1397
1402
1407
1412
1417
1422
1426
1431
1436
1441
1446
1451
1455
1460
1465
1470
1475
1479
1484
1489
1494
1498
1503
1508
1513
1517
1522
1527
1532
1536
1541
1546
1550
1555
1560
1564
1569
1573
1578
1583
1587
1592
1596
1601
1606
1610
1615
1619
1624
1628
1633
1637
1642
1646
1651
1655
1660
1664
1669
1673
1678
1682
1687
1691
1695
1700
1704
1709
1713
1717
1722
1726
1730
1735
1739
1743
1748
1752
1756
1761
1765
1769
1774
1778
1782
1786
1791
1795
1799
1803
1808
1812
1816
1820
1824
1828
1833
1837
1841
1845
1849
1853
1857
1861
1865
1870
1874
1878
1882
1886
1890
1894
1898
1902
1906
1910
1914
1918
1922
1925
1929
1933
1937
1941
1945
1949
1953
1957
1960
1964
1968
1972
1976
1980
1983
1987
1991
1995
1998
2002
2006
2010
2013
2017
2021
2025
2028
2032
2036
2039
2043
2047