2046
2040
2033
2027
2020
2014
2007
2001
1994
1987
1981
1974
1968
1961
1955
1948
1941
1935
1928
1922
1915
1909
1902
1896
1889
1882
1876
1869
1863
1856
1850
1843
1836
1830
1823
1817
1810
1804
1797
1791
1784
1777
1771
1764
1758
1751
1745
1738
1731
1725
1718
1712
1705
1699
1692
1686
1679
1672
1666
1659
1653
1646
1640
1633
1626
1620
1613
1607
1600
1594
1587
1581
1574
1567
1561
1554
1548
1541
1535
1528
1521
1515
1508
1502
1495
1489
1482
1476
1469
1462
1456
1449
1443
1436
1430
1423
1416
1410
1403
1397
1390
1384
1377
1371
1364
1357
1351
1344
1338
1331
1325
1318
1311
1305
1298
1292
1285
1279
1272
1266
1259
1252
1244
1235
1227
1218
1210
1201
1193
1185
1176
1168
1159
1151
1142
1134
1126
1117
1109
1101
1092
1084
1075
1067
1059
1051
1042
1034
1026
1017
1009
1001
993
984
976
968
960
951
943
935
927
919
911
902
894
886
878
870
862
854
846
837
829
821
813
805
797
789
781
773
765
757
749
741
733
725
717
709
701
693
685
678
670
662
654
646
638
630
622
614
607
599
591
583
575
568
560
552
544
536
529
521
513
505
498
490
482
475
467
459
452
444
436
429
421
413
406
398
390
383
375
368
360
353
345
337
330
322
315
307
300
292
285
277
270
262
255
247
240
233
225
218
210
203
195
188
181
173
166
159
151
144
137
129
122
115
107
100
93
85
78
71
64
56
49
42
35
27
20
13
6
-1
-8
-16
-23
-30
-37
-44
-51
-59
-66
-73
-80
-87
-94
-101
-108
-115
-122
-129
-136
-143
-150
-157
-164
-171
-178
-185
-192
-199
-206
-213
-220
-227
-234
-241
-248
-255
-262
-269
-276
-282
-289
-296
-303
-310
-317
-324
-330
-337
-344
-351
-358
-364
-371
-378
-385
-392
-398
-405
-412
-418
-425
-432
-439
-445
-452
-459
-465
-472
-479
-485
-492
-499
-505
-512
-519
-525
-532
-538
-545
-552
-558
-565
-571
-578
-584
-591
-597
-604
-610
-617
-623
-630
-636
-643
-649
-656
-662
-669
-675
-682
-688
-695
-701
-707
-714
-720
-727
-733
-739
-746
-752
-758
-765
-771
-777
-784
-790
-796
-803
-809
-815
-822
-828
-834
-840
-847
-853
-859
-865
-872
-878
-884
-890
-896
-903
-909
-915
-921
-927
-933
-940
-946
-952
-958
-964
-970
-976
-982
-989
-995
-1001
-1007
-1013
-1019
-1025
-1031
-1037
-1043
-1049
-1055
-1061
-1067
-1073
-1079
-1085
-1091
-1097
-1103
-1109
-1115
-1121
-1127
-1133
-1139
-1145
-1151
-1156
-1162
-1168
-1174
-1180
-1186
-1192
-1198
-1203
-1209
-1215
-1221
-1227
-1233
-1238
-1244
-1250
-1256
-1262
-1267
-1273
-1279
-1285
-1290
-1296
-1302
-1308
-1313
-1319
-1325
-1331
-1336
-1342
-1348
-1353
-1359
-1365
-1370
-1376
-1382
-1387
-1393
-1399
-1404
-1410
-1415
-1421
-1427
-1432
-1438
-1443
-1449
-1454
-1460
-1466
-1471
-1477
-1482
-1488
-1493
-1499
-1504
-1510
-1515
-1521
-1526
-1532
-1537
-1543
-1548
-1554
-1559
-1564
-1570
-1575
-1581
-1586
-1592
-1597
-1602
-1608
-1613
-1619
-1624
-1629
-1635
-1640
-1645
-1651
-1656
-1661
-1667
-1672
-1677
-1683
-1688
-1693
-1698
-1704
-1709
-1714
-1720
-1725
-1730
-1735
-1740
-1746
-1751
-1756
-1761
-1767
-1772
-1777
-1782
-1787
-1793
-1798
-1803
-1808
-1813
-1818
-1823
-1829
-1834
-1839
-1844
-1849
-1854
-1859
-1864
-1869
-1874
-1880
-1885
-1890
-1895
-1900
-1905
-1910
-1915
-1920
-1925
-1930
-1935
-1940
-1944
-1949
-1954
-1959
-1964
-1969
-1974
-1979
-1984
-1989
-1994
-1999
-2004
-2009
-2014
-2019
-2024
-2029
-2034
-2039
-2044
-2048
-2048
-2036
-2023
-2011
-1998
-1986
-1973
-1961
-1948
-1936
-1923
-1911
-1898
-1886
-1873
-1861
-1848
-1836
-1823
-1811
-1798
-1786
-1773
-1761
-1748
-1736
-1723
-1711
-1698
-1686
-1673
-1661
-1648
-1635
-1623
-1610
-1598
-1585
-1573
-1560
-1548
-1535
-1523
-1510
-1498
-1485
-1473
-1460
-1448
-1435
-1423
-1410
-1398
-1385
-1373
-1360
-1348
-1335
-1323
-1310
-1298
-1285
-1273
-1260
-1247
-1235
-1222
-1210
-1197
-1185
-1172
-1160
-1147
-1135
-1122
-1110
-1097
-1085
-1072
-1060
-1047
-1035
-1022
-1010
-997
-985
-972
-960
-947
-935
-922
-910
-897
-885
-872
-859
-847
-834
-822
-809
-797
-784
-772
-759
-747
-734
-722
-709
-697
-686
-675
-665
-654
-643
-633
-622
-612
-601
-591
-580
-570
-560
-549
-539
-529
-518
-508
-498
-488
-478
-467
-457
-447
-437
-427
-417
-407
-397
-388
-378
-368
-358
-348
-339
-329
-319
-310
-300
-290
-281
-271
-262
-252
-243
-233
-224
-215
-205
-196
-187
-177
-168
-159
-150
-140
-131
-122
-113
-104
-95
-86
-77
-68
-59
-50
-41
-33
-24
-15
-6
2
11
20
28
37
46
54
63
71
80
88
97
105
114
122
130
139
147
155
163
172
180
188
196
204
212
220
228
236
244
252
260
268
276
284
292
300
308
315
323
331
338
346
354
361
369
377
384
392
399
407
414
422
429
436
444
451
458
466
473
480
487
495
502
509
516
523
530
537
544
551
558
565
572
579
586
593
600
607
614
620
627
634
641
647
654
661
667
674
681
687
694
700
707
713
720
726
733
739
745
752
758
764
771
777
783
789
796
802
808
814
820
826
832
839
845
851
857
863
869
874
880
886
892
898
904
910
915
921
927
933
938
944
950
956
961
967
972
978
984
989
995
1000
1006
1011
1016
1022
1027
1033
1038
1043
1049
1054
1059
1065
1070
1075
1080
1085
1091
1096
1101
1106
1111
1116
1121
1126
1131
1136
1141
1146
1151
1156
1161
1166
1171
1176
1181
1185
1190
1195
1200
1205
1209
1214
1219
1223
1228
1233
1237
1242
1247
1251
1256
1260
1265
1269
1274
1278
1283
1287
1292
1296
1300
1305
1309
1313
1318
1322
1326
1331
1335
1339
1343
1347
1352
1356
1360
1364
1368
1372
1376
1380
1384
1388
1392
1396
1400
1404
1408
1412
1416
1420
1424
1428
1432
1436
1439
1443
1447
1451
1455
1458
1462
1466
1469
1473
1477
1480
1484
1488
1491
1495
1498
1502
1506
1509
1513
1516
1520
1523
1526
1530
1533
1537
1540
1544
1547
1550
1554
1557
1560
1563
1567
1570
1573
1576
1580
1583
1586
1589
1592
1596
1599
1602
1605
1608
1611
1614
1617
1620
1623
1626
1629
1632
1635
1638
1641
1644
1647
1650
1653
1655
1658
1661
1664
1667
1669
1672
1675
1678
1681
1683
1686
1689
1691
1694
1697
1699
1702
1705
1707
1710
1712
1715
1717
1720
1723
1725
1728
1730
1732
1735
1737
1740
1742
1745
1747
1749
1752
1754
1757
1759
1761
1763
1766
1768
1770
1773
1775
1777
1779
1782
1784
1786
1788
1790
1792
1795
1797
1799
1801
1803
1805
1807
1809
1811
1813
1815
1817
1819
1821
1823
1825
1827
1829
1831
1833
1835
1837
1839
1840
1842
1844
1846
1848
1850
1851
1853
1855
1857
1858
1860
1862
1864
1865
1867
1869
1870
1872
1874
1875
1877
1879
1880
1882
1883
1885
1886
1888
1890
1891
1893
1894
1896
1897
1899
1900
1902
1903
1904
1906
1907
1909
1915
1922
1928
1935
1942
1948
1955
1961
1968
1974
1981
1987
1994
2001
2007
2014
2020
2027
2033
2040
2047
