2048
2037
2026
2015
2004
1993
1982
1971
1960
1949
1939
1928
1917
1906
1896
1885
1874
1864
1853
1842
1832
1821
1810
1800
1789
1779
1768
1758
1747
1737
1727
1716
1706
1695
1685
1675
1664
1654
1644
1633
1623
1613
1603
1593
1582
1572
1562
1552
1542
1532
1522
1512
1502
1491
1481
1471
1462
1452
1442
1432
1422
1412
1402
1392
1382
1373
1363
1353
1343
1333
1324
1314
1304
1295
1285
1275
1266
1256
1247
1237
1227
1218
1208
1199
1189
1180
1170
1161
1152
1142
1133
1123
1114
1105
1095
1086
1077
1067
1058
1049
1040
1030
1021
1012
1003
994
985
976
966
957
948
939
930
921
912
903
894
885
876
867
858
850
841
832
823
814
805
797
788
779
770
762
753
744
735
727
718
709
701
692
684
675
666
658
649
641
632
624
615
607
598
590
582
573
565
556
548
540
531
523
515
507
498
490
482
474
465
457
449
441
433
425
417
408
400
392
384
376
368
360
352
344
336
328
320
312
304
297
289
281
273
265
257
249
242
234
226
218
211
203
195
187
180
172
164
157
149
141
134
126
119
111
104
96
89
81
74
66
59
51
44
36
29
21
14
7
-1
-8
-15
-23
-30
-37
-44
-52
-59
-66
-73
-81
-88
-95
-102
-109
-117
-124
-131
-138
-145
-152
-159
-166
-173
-180
-187
-194
-201
-208
-215
-222
-229
-236
-243
-250
-257
-264
-270
-277
-284
-291
-298
-305
-311
-318
-325
-332
-338
-345
-352
-358
-365
-372
-378
-385
-392
-398
-405
-412
-418
-425
-431
-438
-444
-451
-457
-464
-470
-477
-483
-490
-496
-503
-509
-515
-522
-528
-535
-541
-547
-554
-560
-566
-572
-579
-585
-591
-598
-604
-610
-616
-622
-629
-635
-641
-647
-653
-659
-665
-672
-678
-684
-690
-696
-702
-708
-714
-720
-726
-732
-738
-744
-750
-756
-762
-768
-774
-780
-785
-791
-797
-803
-809
-815
-821
-826
-832
-838
-844
-850
-855
-861
-867
-872
-878
-884
-890
-895
-901
-907
-912
-918
-923
-929
-935
-940
-946
-951
-957
-963
-968
-974
-979
-985
-990
-996
-1001
-1007
-1012
-1017
-1023
-1028
-1034
-1039
-1045
-1050
-1055
-1061
-1066
-1071
-1077
-1082
-1087
-1093
-1098
-1103
-1108
-1114
-1119
-1124
-1129
-1135
-1140
-1145
-1150
-1155
-1161
-1166
-1171
-1176
-1181
-1186
-1191
-1196
-1202
-1207
-1212
-1217
-1222
-1227
-1232
-1237
-1242
-1247
-1252
-1257
-1262
-1267
-1272
-1277
-1282
-1286
-1291
-1296
-1301
-1306
-1311
-1316
-1321
-1325
-1330
-1335
-1340
-1345
-1349
-1354
-1359
-1364
-1369
-1373
-1378
-1383
-1387
-1392
-1397
-1402
-1406
-1411
-1416
-1420
-1425
-1430
-1434
-1439
-1443
-1448
-1453
-1457
-1462
-1466
-1471
-1475
-1480
-1484
-1489
-1493
-1498
-1502
-1507
-1511
-1516
-1520
-1525
-1529
-1534
-1538
-1542
-1547
-1551
-1556
-1560
-1564
-1569
-1573
-1577
-1582
-1586
-1590
-1595
-1599
-1603
-1607
-1612
-1616
-1620
-1624
-1629
-1633
-1637
-1641
-1645
-1650
-1654
-1658
-1662
-1666
-1670
-1675
-1679
-1683
-1687
-1691
-1695
-1699
-1703
-1707
-1711
-1715
-1720
-1724
-1728
-1732
-1736
-1740
-1744
-1748
-1752
-1756
-1759
-1763
-1767
-1771
-1775
-1779
-1783
-1787
-1791
-1795
-1799
-1803
-1806
-1810
-1814
-1818
-1822
-1826
-1829
-1833
-1837
-1841
-1845
-1848
-1852
-1856
-1860
-1863
-1867
-1871
-1875
-1878
-1882
-1886
-1889
-1893
-1897
-1900
-1904
-1908
-1911
-1915
-1919
-1922
-1926
-1929
-1933
-1937
-1940
-1944
-1947
-1951
-1954
-1958
-1962
-1965
-1969
-1972
-1976
-1979
-1983
-1986
-1990
-1993
-1996
-2000
-2003
-2007
-2010
-2014
-2017
-2020
-2024
-2027
-2031
-2034
-2037
-2041
-2044
-2047
-2047
-2035
-2022
-2009
-1996
-1984
-1971
-1958
-1945
-1933
-1920
-1908
-1895
-1883
-1870
-1858
-1845
-1833
-1820
-1808
-1796
-1783
-1771
-1759
-1747
-1734
-1722
-1710
-1698
-1686
-1674
-1662
-1650
-1638
-1626
-1614
-1602
-1590
-1578
-1566
-1555
-1543
-1531
-1519
-1508
-1496
-1484
-1473
-1461
-1450
-1438
-1427
-1415
-1404
-1392
-1381
-1369
-1358
-1347
-1335
-1324
-1313
-1302
-1290
-1279
-1268
-1257
-1246
-1235
-1224
-1213
-1202
-1191
-1180
-1169
-1158
-1147
-1136
-1125
-1114
-1103
-1093
-1082
-1071
-1061
-1050
-1039
-1029
-1018
-1007
-997
-986
-976
-965
-955
-944
-934
-924
-913
-903
-893
-882
-872
-862
-852
-841
-831
-821
-811
-801
-791
-781
-771
-761
-751
-741
-731
-721
-711
-701
-691
-681
-672
-662
-652
-642
-633
-623
-613
-604
-594
-584
-575
-565
-556
-546
-537
-527
-518
-508
-499
-490
-480
-471
-462
-452
-443
-434
-425
-415
-406
-397
-388
-379
-370
-361
-352
-343
-334
-325
-316
-307
-298
-289
-280
-271
-262
-253
-245
-236
-227
-218
-210
-201
-192
-184
-175
-166
-158
-149
-141
-132
-124
-115
-107
-98
-90
-81
-73
-65
-56
-48
-40
-31
-23
-15
-7
2
10
18
26
34
42
50
58
66
74
82
90
98
106
114
122
130
138
146
154
161
169
177
185
192
200
208
215
223
231
238
246
254
261
269
276
284
291
299
306
313
321
328
336
343
350
358
365
372
379
387
394
401
408
415
423
430
437
444
451
458
465
472
479
486
493
500
507
514
521
528
535
541
548
555
562
569
575
582
589
595
602
609
615
622
629
635
642
648
655
661
668
674
681
687
694
700
707
713
719
726
732
738
745
751
757
764
770
776
782
788
795
801
807
813
819
825
831
837
843
849
855
861
867
873
879
885
891
897
903
909
915
920
926
932
938
944
949
955
961
966
972
978
983
989
995
1000
1006
1011
1017
1023
1028
1034
1039
1045
1050
1056
1061
1066
1072
1077
1083
1088
1093
1099
1104
1109
1114
1120
1125
1130
1135
1141
1146
1151
1156
1161
1166
1172
1177
1182
1187
1192
1197
1202
1207
1212
1217
1222
1227
1232
1237
1242
1247
1252
1256
1261
1266
1271
1276
1281
1285
1290
1295
1300
1304
1309
1314
1318
1323
1328
1332
1337
1342
1346
1351
1355
1360
1365
1369
1374
1378
1383
1387
1392
1396
1400
1405
1409
1414
1418
1422
1427
1431
1435
1440
1444
1448
1453
1457
1461
1465
1470
1474
1478
1482
1486
1491
1495
1499
1503
1507
1511
1515
1519
1523
1527
1531
1535
1539
1543
1547
1551
1555
1559
1563
1567
1571
1575
1579
1583
1587
1590
1594
1598
1602
1606
1609
1613
1617
1621
1624
1628
1632
1635
1639
1643
1646
1650
1654
1657
1661
1665
1668
1672
1675
1679
1682
1686
1689
1693
1696
1700
1703
1707
1710
1714
1717
1720
1724
1727
1731
1734
1737
1741
1744
1747
1751
1754
1757
1760
1764
1767
1770
1773
1776
1780
1783
1786
1789
1792
1795
1799
1802
1805
1808
1811
1814
1817
1820
1823
1826
1829
1832
1835
1838
1841
1844
1847
1850
1853
1856
1859
1862
1865
1868
1870
1873
1876
1879
1882
1885
1887
1890
1893
1896
1898
1901
1904
1907
1909
1912
1915
1917
1920
1923
1925
1928
1931
1933
1936
1939
1941
1944
1946
1949
1951
1954
1956
1959
1962
1964
1967
1969
1971
1974
1976
1979
1981
1984
1986
1988
1991
1993
1996
1998
2000
2003
2005
2007
2010
2012
2014
2017
2019
2021
2023
2026
2028
2030
2032
2034
2037
2039
2041
2043
2045
2048
