2048
2037
2026
2015
2004
1993
1982
1971
1960
1949
1939
1928
1917
1906
1896
1885
1874
1864
1853
1842
1832
1821
1810
1800
1789
1779
1768
1758
1747
1737
1727
1716
1706
1695
1685
1675
1664
1654
1644
1633
1623
1613
1603
1593
1582
1572
1562
1552
1542
1532
1522
1512
1502
1491
1481
1471
1462
1452
1442
1432
1422
1412
1402
1392
1382
1373
1363
1353
1343
1333
1324
1314
1304
1295
1285
1275
1266
1256
1247
1237
1227
1218
1208
1199
1189
1180
1170
1161
1152
1142
1133
1123
1114
1105
1095
1086
1077
1067
1058
1049
1040
1030
1021
1012
1003
994
985
976
966
957
948
939
930
921
912
903
894
885
876
867
858
850
841
832
823
814
805
797
788
779
770
762
753
744
735
727
718
709
701
692
684
675
666
658
649
641
632
624
615
607
598
590
582
573
565
556
548
540
531
523
515
507
498
490
482
474
465
457
449
441
433
425
417
408
400
392
384
376
368
360
352
344
336
328
320
312
304
297
289
281
273
265
257
249
242
234
226
218
211
203
195
187
180
172
164
157
149
141
134
126
119
111
104
96
89
81
74
66
59
51
44
36
29
21
14
7
-1
-8
-15
-23
-30
-37
-44
-52
-59
-66
-73
-81
-88
-95
-102
-109
-117
-124
-131
-138
-145
-152
-159
-166
-173
-180
-187
-194
-201
-208
-215
-222
-229
-236
-243
-250
-257
-264
-270
-277
-284
-291
-298
-305
-311
-318
-325
-332
-338
-345
-352
-358
-365
-372
-378
-385
-392
-398
-405
-412
-418
-425
-431
-438
-444
-451
-457
-464
-470
-477
-483
-490
-496
-503
-509
-515
-522
-528
-535
-541
-547
-554
-560
-566
-572
-579
-585
-591
-598
-604
-610
-616
-622
-629
-635
-641
-647
-653
-659
-665
-672
-678
-684
-690
-696
-702
-708
-714
-720
-726
-732
-738
-744
-750
-756
-762
-768
-774
-780
-785
-791
-797
-803
-809
-815
-821
-826
-832
-838
-844
-850
-855
-861
-867
-872
-878
-884
-890
-895
-901
-907
-912
-918
-923
-929
-935
-940
-946
-951
-957
-963
-968
-974
-979
-985
-990
-996
-1001
-1007
-1012
-1017
-1023
-1028
-1034
-1039
-1045
-1050
-1055
-1061
-1066
-1071
-1077
-1082
-1087
-1093
-1098
-1103
-1108
-1114
-1119
-1124
-1129
-1135
-1140
-1145
-1150
-1155
-1161
-1166
-1171
-1176
-1181
-1186
-1191
-1196
-1202
-1207
-1212
-1217
-1222
-1227
-1232
-1237
-1242
-1247
-1252
-1257
-1262
-1267
-1272
-1277
-1282
-1286
-1291
-1296
-1301
-1306
-1311
-1316
-1321
-1325
-1330
-1335
-1340
-1345
-1349
-1354
-1359
-1364
-1369
-1373
-1378
-1383
-1387
-1392
-1397
-1402
-1406
-1411
-1416
-1420
-1425
-1430
-1434
-1439
-1443
-1448
-1453
-1457
-1462
-1466
-1471
-1475
-1480
-1484
-1489
-1493
-1498
-1502
-1507
-1511
-1516
-1520
-1525
-1529
-1534
-1538
-1542
-1547
-1551
-1556
-1560
-1564
-1569
-1573
-1577
-1582
-1586
-1590
-1595
-1599
-1603
-1607
-1612
-1616
-1620
-1624
-1629
-1633
-1637
-1641
-1645
-1650
-1654
-1658
-1662
-1666
-1670
-1675
-1679
-1683
-1687
-1691
-1695
-1699
-1703
-1707
-1711
-1715
-1720
-1724
-1728
-1732
-1736
-1740
-1744
-1748
-1752
-1756
-1759
-1763
-1767
-1771
-1775
-1779
-1783
-1787
-1791
-1795
-1799
-1803
-1806
-1810
-1814
-1818
-1822
-1826
-1829
-1833
-1837
-1841
-1845
-1848
-1852
-1856
-1860
-1863
-1867
-1871
-1875
-1878
-1882
-1886
-1889
-1893
-1897
-1900
-1904
-1908
-1911
-1915
-1919
-1922
-1926
-1929
-1933
-1937
-1940
-1944
-1947
-1951
-1954
-1958
-1962
-1965
-1969
-1972
-1976
-1979
-1983
-1986
-1990
-1993
-1996
-2000
-2003
-2007
-2010
-2014
-2017
-2020
-2024
-2027
-2031
-2034
-2037
-2041
-2044
-2047
-2047
-2040
-2034
-2027
-2021
-2014
-2008
-2001
-1995
-1988
-1981
-1975
-1968
-1962
-1955
-1949
-1942
-1935
-1929
-1922
-1916
-1909
-1903
-1896
-1890
-1883
-1876
-1870
-1863
-1857
-1850
-1844
-1837
-1830
-1824
-1817
-1811
-1804
-1798
-1791
-1785
-1778
-1771
-1765
-1758
-1752
-1745
-1739
-1732
-1725
-1719
-1712
-1706
-1699
-1693
-1686
-1680
-1673
-1666
-1660
-1653
-1647
-1640
-1634
-1627
-1620
-1614
-1607
-1601
-1594
-1588
-1581
-1575
-1568
-1561
-1555
-1548
-1542
-1535
-1529
-1522
-1515
-1509
-1502
-1496
-1489
-1483
-1476
-1470
-1463
-1456
-1450
-1443
-1437
-1430
-1424
-1417
-1410
-1404
-1397
-1391
-1384
-1378
-1371
-1365
-1358
-1351
-1345
-1338
-1332
-1325
-1319
-1312
-1305
-1299
-1292
-1286
-1279
-1273
-1266
-1260
-1253
-1246
-1240
-1233
-1227
-1220
-1214
-1207
-1200
-1194
-1187
-1181
-1174
-1168
-1161
-1155
-1148
-1141
-1135
-1128
-1122
-1115
-1109
-1102
-1095
-1089
-1082
-1076
-1069
-1063
-1056
-1050
-1043
-1036
-1030
-1023
-1017
-1010
-1004
-997
-990
-984
-977
-971
-964
-958
-951
-945
-938
-931
-925
-918
-912
-905
-899
-892
-885
-879
-872
-866
-859
-853
-846
-840
-833
-826
-820
-813
-807
-800
-794
-787
-780
-774
-767
-761
-754
-748
-741
-735
-728
-721
-715
-708
-702
-695
-689
-682
-675
-669
-662
-656
-649
-643
-636
-630
-623
-616
-610
-603
-597
-590
-584
-577
-570
-564
-557
-551
-544
-538
-531
-525
-518
-511
-505
-498
-492
-485
-479
-472
-465
-459
-452
-446
-439
-433
-426
-420
-413
-406
-400
-393
-387
-380
-374
-367
-360
-354
-347
-341
-334
-328
-321
-315
-308
-301
-295
-288
-282
-275
-269
-262
-255
-249
-242
-236
-229
-223
-216
-210
-203
-196
-190
-183
-177
-170
-164
-157
-150
-144
-137
-131
-124
-118
-111
-105
-98
-91
-85
-78
-72
-65
-59
-52
-45
-39
-32
-26
-19
-13
-6
1
7
14
20
27
33
40
46
53
60
66
73
79
86
92
99
106
112
119
125
132
138
145
151
158
165
171
178
184
191
197
204
211
217
224
230
237
243
250
256
263
270
276
283
289
296
302
309
316
322
329
335
342
348
355
361
368
375
381
388
394
401
407
414
421
427
434
440
447
453
460
466
473
480
486
493
499
506
512
519
526
532
539
545
552
558
565
571
578
585
591
598
604
611
617
624
631
637
644
650
657
663
670
676
683
690
696
703
709
716
722
729
736
742
749
755
762
768
775
781
788
795
801
808
814
821
827
834
841
847
854
860
867
873
880
886
893
900
906
913
919
926
932
939
946
952
959
965
972
978
985
991
998
1005
1011
1018
1024
1031
1037
1044
1051
1057
1064
1070
1077
1083
1090
1096
1103
1110
1116
1123
1129
1136
1142
1149
1156
1162
1169
1175
1182
1188
1195
1201
1208
1215
1221
1228
1234
1241
1247
1254
1261
1267
1274
1280
1287
1293
1300
1306
1313
1320
1326
1333
1339
1346
1352
1359
1366
1372
1379
1385
1392
1398
1405
1411
1418
1425
1431
1438
1444
1451
1457
1464
1471
1477
1484
1490
1497
1503
1510
1516
1523
1530
1536
1543
1549
1556
1562
1569
1576
1582
1589
1595
1602
1608
1615
1621
1628
1635
1641
1648
1654
1661
1667
1674
1681
1687
1694
1700
1707
1713
1720
1726
1733
1740
1746
1753
1759
1766
1772
1779
1786
1792
1799
1805
1812
1818
1825
1831
1838
1845
1851
1858
1864
1871
1877
1884
1891
1897
1904
1910
1917
1923
1930
1936
1943
1950
1956
1963
1969
1976
1982
1989
1996
2002
2009
2015
2022
2028
2035
2041
2048
