2048
2037
2026
2015
2004
1993
1982
1971
1960
1949
1939
1928
1917
1906
1896
1885
1874
1864
1853
1842
1832
1821
1810
1800
1789
1779
1768
1758
1747
1737
1727
1716
1706
1695
1685
1675
1664
1654
1644
1633
1623
1613
1603
1593
1582
1572
1562
1552
1542
1532
1522
1512
1502
1491
1481
1471
1462
1452
1442
1432
1422
1412
1402
1392
1382
1373
1363
1353
1343
1333
1324
1314
1304
1295
1285
1275
1266
1256
1247
1237
1227
1218
1208
1199
1189
1180
1170
1161
1152
1142
1133
1123
1114
1105
1095
1086
1077
1067
1058
1049
1040
1030
1021
1012
1003
994
985
976
966
957
948
939
930
921
912
903
894
885
876
867
858
850
841
832
823
814
805
797
788
779
770
762
753
744
735
727
718
709
701
692
684
675
666
658
649
641
632
624
615
607
598
590
582
573
565
556
548
540
531
523
515
507
498
490
482
474
465
457
449
441
433
425
417
408
400
392
384
376
368
360
352
344
336
328
320
312
304
297
289
281
273
265
257
249
242
234
226
218
211
203
195
187
180
172
164
157
149
141
134
126
119
111
104
96
89
81
74
66
59
51
44
36
29
21
14
7
-1
-8
-15
-23
-30
-37
-44
-52
-59
-66
-73
-81
-88
-95
-102
-109
-117
-124
-131
-138
-145
-152
-159
-166
-173
-180
-187
-194
-201
-208
-215
-222
-229
-236
-243
-250
-257
-264
-270
-277
-284
-291
-298
-305
-311
-318
-325
-332
-338
-345
-352
-358
-365
-372
-378
-385
-392
-398
-405
-412
-418
-425
-431
-438
-444
-451
-457
-464
-470
-477
-483
-490
-496
-503
-509
-515
-522
-528
-535
-541
-547
-554
-560
-566
-572
-579
-585
-591
-598
-604
-610
-616
-622
-629
-635
-641
-647
-653
-659
-665
-672
-678
-684
-690
-696
-702
-708
-714
-720
-726
-732
-738
-744
-750
-756
-762
-768
-774
-780
-785
-791
-797
-803
-809
-815
-821
-826
-832
-838
-844
-850
-855
-861
-867
-872
-878
-884
-890
-895
-901
-907
-912
-918
-923
-929
-935
-940
-946
-951
-957
-963
-968
-974
-979
-985
-990
-996
-1001
-1007
-1012
-1017
-1023
-1028
-1034
-1039
-1045
-1050
-1055
-1061
-1066
-1071
-1077
-1082
-1087
-1093
-1098
-1103
-1108
-1114
-1119
-1124
-1129
-1135
-1140
-1145
-1150
-1155
-1161
-1166
-1171
-1176
-1181
-1186
-1191
-1196
-1202
-1207
-1212
-1217
-1222
-1227
-1232
-1237
-1242
-1247
-1252
-1257
-1262
-1267
-1272
-1277
-1282
-1286
-1291
-1296
-1301
-1306
-1311
-1316
-1321
-1325
-1330
-1335
-1340
-1345
-1349
-1354
-1359
-1364
-1369
-1373
-1378
-1383
-1387
-1392
-1397
-1402
-1406
-1411
-1416
-1420
-1425
-1430
-1434
-1439
-1443
-1448
-1453
-1457
-1462
-1466
-1471
-1475
-1480
-1484
-1489
-1493
-1498
-1502
-1507
-1511
-1516
-1520
-1525
-1529
-1534
-1538
-1542
-1547
-1551
-1556
-1560
-1564
-1569
-1573
-1577
-1582
-1586
-1590
-1595
-1599
-1603
-1607
-1612
-1616
-1620
-1624
-1629
-1633
-1637
-1641
-1645
-1650
-1654
-1658
-1662
-1666
-1670
-1675
-1679
-1683
-1687
-1691
-1695
-1699
-1703
-1707
-1711
-1715
-1720
-1724
-1728
-1732
-1736
-1740
-1744
-1748
-1752
-1756
-1759
-1763
-1767
-1771
-1775
-1779
-1783
-1787
-1791
-1795
-1799
-1803
-1806
-1810
-1814
-1818
-1822
-1826
-1829
-1833
-1837
-1841
-1845
-1848
-1852
-1856
-1860
-1863
-1867
-1871
-1875
-1878
-1882
-1886
-1889
-1893
-1897
-1900
-1904
-1908
-1911
-1915
-1919
-1922
-1926
-1929
-1933
-1937
-1940
-1944
-1947
-1951
-1954
-1958
-1962
-1965
-1969
-1972
-1976
-1979
-1983
-1986
-1990
-1993
-1996
-2000
-2003
-2007
-2010
-2014
-2017
-2020
-2024
-2027
-2031
-2034
-2037
-2041
-2044
-2047
-2047
-2038
-2029
-2020
-2011
-2002
-1992
-1983
-1974
-1965
-1956
-1947
-1938
-1929
-1919
-1910
-1901
-1892
-1883
-1874
-1865
-1856
-1847
-1838
-1829
-1820
-1811
-1802
-1793
-1784
-1775
-1767
-1758
-1749
-1740
-1731
-1722
-1713
-1704
-1696
-1687
-1678
-1669
-1660
-1652
-1643
-1634
-1625
-1616
-1608
-1599
-1590
-1582
-1573
-1564
-1556
-1547
-1538
-1530
-1521
-1512
-1504
-1495
-1486
-1478
-1469
-1461
-1452
-1444
-1435
-1426
-1418
-1409
-1401
-1392
-1384
-1375
-1367
-1358
-1350
-1342
-1333
-1325
-1316
-1308
-1299
-1291
-1283
-1274
-1266
-1258
-1249
-1241
-1233
-1224
-1216
-1208
-1199
-1191
-1183
-1175
-1166
-1158
-1150
-1142
-1133
-1125
-1117
-1109
-1101
-1093
-1084
-1076
-1068
-1060
-1052
-1044
-1036
-1028
-1019
-1011
-1003
-995
-987
-979
-971
-963
-955
-947
-939
-931
-923
-915
-907
-899
-891
-883
-875
-868
-860
-852
-844
-836
-828
-820
-812
-805
-797
-789
-781
-773
-766
-758
-750
-742
-734
-727
-719
-711
-703
-696
-688
-680
-673
-665
-657
-650
-642
-634
-627
-619
-611
-604
-596
-589
-581
-573
-566
-558
-551
-543
-536
-528
-521
-513
-506
-498
-491
-483
-476
-468
-461
-453
-446
-439
-431
-424
-416
-409
-402
-394
-387
-380
-372
-365
-357
-350
-343
-336
-328
-321
-314
-306
-299
-292
-285
-277
-270
-263
-256
-249
-241
-234
-227
-220
-213
-206
-198
-191
-184
-177
-170
-163
-156
-149
-142
-134
-127
-120
-113
-106
-99
-92
-85
-78
-71
-64
-57
-50
-43
-36
-29
-23
-16
-9
-2
5
12
19
26
33
40
46
53
60
67
74
81
87
94
101
108
115
121
128
135
142
148
155
162
168
175
182
189
195
202
209
215
222
229
235
242
248
255
262
268
275
281
288
294
301
308
314
321
327
334
340
347
353
360
366
373
379
386
392
398
405
411
418
424
430
437
443
450
456
462
469
475
481
488
494
500
507
513
519
526
532
538
544
551
557
563
569
576
582
588
594
600
607
613
619
625
631
637
643
650
656
662
668
674
680
686
692
698
704
711
717
723
729
735
741
747
753
759
765
771
777
783
789
795
801
806
812
818
824
830
836
842
848
854
860
865
871
877
883
889
895
901
906
912
918
924
930
935
941
947
953
958
964
970
976
981
987
993
998
1004
1010
1016
1021
1027
1033
1038
1044
1049
1055
1061
1066
1072
1078
1083
1089
1094
1100
1105
1111
1117
1122
1128
1133
1139
1144
1150
1155
1161
1166
1172
1177
1183
1188
1194
1199
1204
1210
1215
1221
1226
1232
1237
1242
1248
1253
1259
1264
1269
1275
1280
1285
1291
1296
1301
1307
1312
1317
1323
1328
1333
1338
1344
1349
1354
1359
1365
1370
1375
1380
1386
1391
1396
1401
1406
1411
1417
1422
1427
1432
1437
1442
1448
1453
1458
1463
1468
1473
1478
1483
1488
1493
1499
1504
1509
1514
1519
1524
1529
1534
1539
1544
1549
1554
1559
1564
1569
1574
1579
1584
1589
1594
1598
1603
1608
1613
1618
1623
1628
1633
1638
1643
1647
1652
1657
1662
1667
1672
1677
1681
1686
1691
1696
1701
1705
1710
1715
1720
1725
1729
1734
1739
1744
1748
1753
1758
1763
1767
1772
1777
1781
1786
1791
1795
1800
1805
1809
1814
1819
1823
1828
1833
1837
1842
1846
1851
1856
1860
1865
1869
1874
1879
1883
1888
1892
1897
1901
1906
1910
1915
1919
1924
1928
1933
1937
1942
1946
1951
1955
1960
1964
1969
1973
1977
1982
1986
1991
1995
1999
2004
2008
2013
2017
2021
2026
2030
2034
2039
2043
2048
