2047
2040
2033
2027
2020
2014
2008
2001
1995
1989
1983
1977
1971
1964
1958
1952
1946
1940
1934
1927
1921
1915
1909
1903
1897
1890
1884
1878
1872
1866
1859
1853
1847
1841
1835
1828
1822
1816
1810
1804
1797
1791
1785
1779
1773
1766
1760
1754
1748
1742
1735
1729
1723
1717
1711
1704
1698
1692
1686
1679
1673
1667
1661
1655
1648
1642
1636
1630
1623
1617
1611
1605
1598
1592
1586
1580
1573
1567
1561
1555
1548
1542
1536
1530
1523
1517
1511
1505
1498
1492
1486
1480
1473
1467
1461
1455
1448
1442
1436
1429
1423
1417
1411
1404
1398
1392
1385
1379
1373
1367
1360
1354
1348
1341
1335
1329
1323
1316
1310
1304
1297
1291
1285
1278
1272
1266
1259
1253
1247
1241
1234
1228
1222
1215
1209
1203
1196
1190
1184
1177
1171
1165
1158
1152
1146
1139
1133
1127
1120
1114
1108
1101
1095
1089
1082
1076
1070
1063
1057
1051
1044
1038
1031
1025
1019
1012
1006
1000
993
987
981
974
968
961
955
949
942
936
930
923
917
910
904
898
891
885
878
872
866
859
853
847
840
834
827
821
815
808
802
795
789
782
776
770
763
757
750
744
738
731
725
718
712
705
699
693
686
680
673
667
660
654
648
641
635
628
622
615
609
603
596
590
583
577
570
564
557
551
544
538
532
525
519
512
506
499
493
486
480
473
467
460
454
447
441
434
428
422
415
409
402
396
389
383
376
370
363
357
350
344
337
331
324
318
311
305
298
292
285
279
272
266
259
253
246
239
233
226
220
213
207
200
194
187
181
174
168
161
155
148
142
135
128
122
115
109
102
96
89
83
76
69
63
56
50
43
37
30
24
17
10
4
-3
-9
-16
-22
-29
-36
-42
-49
-55
-62
-68
-75
-82
-88
-95
-101
-108
-115
-121
-128
-134
-141
-148
-154
-161
-167
-174
-181
-187
-194
-200
-207
-214
-220
-227
-233
-240
-247
-253
-260
-267
-273
-280
-286
-293
-300
-306
-313
-320
-326
-333
-339
-346
-353
-359
-366
-373
-379
-386
-393
-399
-406
-413
-419
-426
-433
-439
-446
-452
-459
-466
-472
-479
-486
-492
-499
-506
-512
-519
-526
-533
-539
-546
-553
-559
-566
-573
-579
-586
-593
-599
-606
-613
-619
-626
-633
-640
-646
-653
-660
-666
-673
-680
-686
-693
-700
-707
-713
-720
-727
-733
-740
-747
-754
-760
-767
-774
-780
-787
-794
-801
-807
-814
-821
-828
-834
-841
-848
-855
-861
-868
-875
-882
-888
-895
-902
-909
-915
-922
-929
-936
-942
-949
-956
-963
-969
-976
-983
-990
-996
-1003
-1010
-1017
-1024
-1030
-1037
-1044
-1051
-1057
-1064
-1071
-1078
-1085
-1091
-1098
-1105
-1112
-1119
-1125
-1132
-1139
-1146
-1153
-1159
-1166
-1173
-1180
-1187
-1193
-1200
-1207
-1214
-1221
-1228
-1235
-1242
-1249
-1256
-1262
-1269
-1276
-1283
-1290
-1297
-1304
-1311
-1318
-1324
-1331
-1338
-1345
-1352
-1359
-1366
-1373
-1380
-1387
-1393
-1400
-1407
-1414
-1421
-1428
-1435
-1442
-1449
-1455
-1462
-1469
-1476
-1483
-1490
-1497
-1504
-1511
-1518
-1524
-1531
-1538
-1545
-1552
-1559
-1566
-1573
-1580
-1587
-1593
-1600
-1607
-1614
-1621
-1628
-1635
-1642
-1649
-1655
-1662
-1669
-1676
-1683
-1690
-1697
-1704
-1711
-1718
-1724
-1731
-1738
-1745
-1752
-1759
-1766
-1773
-1780
-1786
-1793
-1800
-1807
-1814
-1821
-1828
-1835
-1842
-1849
-1855
-1862
-1869
-1876
-1883
-1890
-1897
-1904
-1911
-1917
-1924
-1931
-1938
-1945
-1952
-1959
-1966
-1973
-1980
-1986
-1993
-2000
-2007
-2014
-2021
-2028
-2035
-2042
-2048
-2048
-2039
-2030
-2020
-2011
-2002
-1992
-1983
-1974
-1964
-1955
-1946
-1937
-1928
-1918
-1909
-1900
-1891
-1882
-1872
-1863
-1854
-1845
-1836
-1827
-1818
-1809
-1800
-1791
-1782
-1773
-1764
-1755
-1746
-1737
-1728
-1719
-1710
-1701
-1692
-1683
-1674
-1666
-1657
-1648
-1639
-1630
-1622
-1613
-1604
-1595
-1587
-1578
-1569
-1560
-1552
-1543
-1534
-1526
-1517
-1508
-1500
-1491
-1483
-1474
-1466
-1457
-1448
-1440
-1431
-1423
-1414
-1406
-1398
-1389
-1381
-1372
-1364
-1355
-1347
-1339
-1330
-1322
-1314
-1305
-1297
-1289
-1280
-1272
-1264
-1256
-1247
-1239
-1231
-1223
-1215
-1206
-1198
-1190
-1182
-1174
-1166
-1158
-1149
-1141
-1133
-1125
-1117
-1109
-1101
-1093
-1085
-1077
-1069
-1061
-1053
-1045
-1037
-1029
-1022
-1014
-1006
-998
-990
-982
-974
-967
-959
-951
-943
-935
-928
-920
-912
-904
-897
-889
-881
-874
-866
-858
-851
-843
-835
-828
-820
-813
-805
-797
-790
-782
-775
-767
-760
-752
-745
-737
-730
-722
-715
-708
-700
-693
-685
-678
-671
-663
-656
-648
-641
-634
-627
-619
-612
-605
-597
-590
-583
-576
-568
-561
-554
-547
-540
-533
-525
-518
-511
-504
-497
-490
-483
-476
-469
-461
-454
-447
-440
-433
-426
-419
-412
-405
-398
-392
-385
-378
-371
-364
-357
-350
-343
-336
-330
-323
-316
-309
-302
-295
-289
-282
-275
-268
-262
-255
-248
-241
-235
-228
-221
-215
-208
-201
-195
-188
-181
-175
-168
-162
-155
-149
-142
-135
-129
-122
-116
-109
-103
-96
-90
-83
-77
-71
-64
-58
-51
-45
-38
-32
-26
-19
-13
-7
0
6
12
19
25
31
37
44
50
56
62
69
75
81
87
93
100
106
112
118
124
130
136
143
149
155
161
167
173
179
185
191
197
203
209
215
221
227
233
239
245
251
257
263
268
274
280
286
292
298
304
309
315
321
327
333
338
344
350
356
362
367
373
379
384
390
396
402
407
413
418
424
430
435
441
447
452
458
463
469
475
480
486
491
497
502
508
513
519
524
530
535
541
546
551
557
562
568
573
578
584
589
595
600
605
611
616
621
627
632
637
642
648
653
658
663
669
674
679
684
690
695
700
705
710
715
721
726
731
736
741
746
751
756
761
766
772
777
782
787
792
797
802
807
812
817
822
827
832
837
841
846
851
856
861
866
871
876
881
886
890
895
900
905
910
915
919
924
929
934
939
943
948
953
958
962
967
972
976
981
986
990
995
1000
1004
1009
1014
1018
1023
1028
1032
1037
1041
1046
1051
1055
1060
1064
1069
1073
1078
1082
1087
1091
1096
1100
1105
1109
1114
1118
1123
1127
1132
1136
1140
1145
1149
1154
1158
1162
1167
1171
1175
1180
1184
1188
1193
1197
1201
1206
1210
1214
1219
1223
1227
1231
1236
1240
1244
1248
1252
1259
1266
1272
1279
1285
1292
1298
1305
1312
1318
1325
1331
1338
1344
1351
1357
1364
1371
1377
1384
1390
1397
1403
1410
1417
1423
1430
1436
1443
1449
1456
1462
1469
1476
1482
1489
1495
1502
1508
1515
1522
1528
1535
1541
1548
1554
1561
1567
1574
1581
1587
1594
1600
1607
1613
1620
1627
1633
1640
1646
1653
1659
1666
1672
1679
1686
1692
1699
1705
1712
1718
1725
1732
1738
1745
1751
1758
1764
1771
1777
1784
1791
1797
1804
1810
1817
1823
1830
1837
1843
1850
1856
1863
1869
1876
1882
1889
1896
1902
1909
1915
1922
1928
1935
1942
1948
1955
1961
1968
1974
1981
1987
1994
2001
2007
2014
2020
2027
2033
2040
2047
