2047
2040
2033
2027
2020
2014
2007
2001
1994
1987
1981
1974
1968
1961
1955
1948
1942
1935
1928
1922
1915
1909
1902
1896
1889
1882
1876
1869
1863
1856
1850
1843
1837
1830
1823
1817
1810
1804
1797
1791
1784
1777
1771
1764
1758
1751
1745
1738
1732
1725
1718
1712
1705
1699
1692
1686
1679
1672
1666
1659
1653
1646
1640
1633
1627
1620
1613
1607
1600
1594
1587
1581
1574
1567
1561
1554
1548
1541
1535
1528
1522
1515
1508
1502
1495
1489
1482
1476
1469
1462
1456
1449
1443
1436
1430
1423
1417
1410
1403
1397
1390
1384
1377
1371
1364
1357
1351
1344
1338
1331
1325
1318
1312
1305
1298
1292
1285
1279
1272
1266
1259
1252
1246
1239
1233
1226
1220
1213
1207
1200
1193
1187
1180
1174
1167
1161
1154
1147
1141
1134
1128
1121
1115
1108
1102
1095
1088
1082
1075
1069
1062
1056
1035
1014
994
974
954
934
914
895
876
857
838
819
801
783
765
747
729
712
694
677
660
643
627
610
594
578
562
546
530
515
499
484
469
454
439
424
409
395
381
366
352
338
325
311
297
284
270
257
244
231
218
205
193
180
168
155
143
131
119
107
95
83
71
60
48
37
26
14
3
-8
-19
-30
-41
-51
-62
-72
-83
-93
-104
-114
-124
-134
-144
-154
-164
-174
-184
-194
-203
-213
-222
-232
-241
-250
-260
-269
-278
-287
-296
-305
-314
-323
-332
-340
-349
-358
-366
-375
-383
-392
-400
-408
-417
-425
-433
-441
-449
-457
-465
-473
-481
-489
-497
-505
-512
-520
-528
-535
-543
-550
-558
-565
-573
-580
-587
-595
-602
-609
-616
-623
-630
-637
-644
-651
-658
-665
-672
-679
-686
-693
-700
-706
-713
-720
-726
-733
-739
-746
-753
-759
-765
-772
-778
-785
-791
-797
-804
-810
-816
-822
-829
-835
-841
-847
-853
-859
-865
-871
-877
-883
-889
-895
-901
-907
-913
-919
-924
-930
-936
-942
-947
-953
-959
-964
-970
-976
-981
-987
-992
-998
-1003
-1009
-1014
-1020
-1025
-1031
-1036
-1041
-1047
-1052
-1058
-1063
-1068
-1073
-1079
-1084
-1089
-1094
-1099
-1105
-1110
-1115
-1120
-1125
-1130
-1135
-1140
-1145
-1150
-1155
-1160
-1165
-1170
-1175
-1180
-1185
-1190
-1195
-1200
-1205
-1209
-1214
-1219
-1224
-1229
-1233
-1238
-1243
-1248
-1252
-1257
-1262
-1266
-1271
-1276
-1280
-1285
-1290
-1294
-1299
-1303
-1308
-1312
-1317
-1321
-1326
-1330
-1335
-1339
-1344
-1348
-1353
-1357
-1361
-1366
-1370
-1375
-1379
-1383
-1388
-1392
-1396
-1401
-1405
-1409
-1413
-1418
-1422
-1426
-1430
-1434
-1439
-1443
-1447
-1451
-1455
-1459
-1464
-1468
-1472
-1476
-1480
-1484
-1488
-1492
-1496
-1500
-1504
-1508
-1512
-1516
-1520
-1524
-1528
-1532
-1536
-1540
-1544
-1548
-1552
-1556
-1559
-1563
-1567
-1571
-1575
-1579
-1583
-1586
-1590
-1594
-1598
-1601
-1605
-1609
-1613
-1617
-1620
-1624
-1628
-1631
-1635
-1639
-1642
-1646
-1650
-1653
-1657
-1661
-1664
-1668
-1671
-1675
-1679
-1682
-1686
-1689
-1693
-1696
-1700
-1703
-1707
-1710
-1714
-1717
-1721
-1724
-1728
-1731
-1735
-1738
-1742
-1745
-1748
-1752
-1755
-1759
-1762
-1765
-1769
-1772
-1775
-1779
-1782
-1785
-1789
-1792
-1795
-1799
-1802
-1805
-1809
-1812
-1815
-1818
-1822
-1825
-1828
-1831
-1834
-1838
-1841
-1844
-1847
-1850
-1853
-1857
-1860
-1863
-1866
-1869
-1872
-1875
-1878
-1882
-1885
-1888
-1891
-1894
-1897
-1900
-1903
-1906
-1909
-1912
-1915
-1918
-1921
-1924
-1927
-1930
-1933
-1936
-1939
-1942
-1945
-1948
-1951
-1953
-1956
-1959
-1962
-1965
-1968
-1970
-1973
-1976
-1979
-1982
-1984
-1987
-1990
-1993
-1995
-1998
-2001
-2004
-2007
-2009
-2012
-2015
-2018
-2021
-2023
-2026
-2029
-2032
-2035
-2037
-2040
-2043
-2046
-2048
-2048
-2038
-2027
-2016
-2006
-1995
-1984
-1973
-1963
-1952
-1941
-1931
-1920
-1909
-1898
-1888
-1877
-1866
-1855
-1845
-1834
-1823
-1813
-1802
-1791
-1780
-1770
-1759
-1748
-1738
-1727
-1716
-1705
-1695
-1684
-1673
-1662
-1652
-1641
-1630
-1620
-1609
-1598
-1587
-1577
-1566
-1555
-1545
-1534
-1523
-1512
-1502
-1491
-1480
-1469
-1459
-1448
-1437
-1427
-1416
-1405
-1394
-1384
-1373
-1362
-1351
-1341
-1330
-1319
-1309
-1298
-1287
-1276
-1266
-1255
-1244
-1234
-1223
-1212
-1201
-1191
-1180
-1169
-1158
-1148
-1137
-1126
-1116
-1105
-1094
-1083
-1073
-1062
-1051
-1041
-1030
-1019
-1008
-998
-987
-976
-965
-955
-944
-933
-923
-912
-901
-890
-880
-869
-858
-847
-837
-826
-818
-809
-801
-792
-784
-776
-768
-759
-751
-743
-735
-727
-719
-711
-703
-695
-687
-679
-671
-663
-655
-647
-640
-632
-624
-617
-609
-601
-594
-586
-579
-571
-564
-556
-549
-541
-534
-527
-519
-512
-505
-498
-490
-483
-476
-469
-462
-455
-448
-441
-434
-427
-420
-413
-406
-399
-392
-385
-379
-372
-365
-358
-352
-345
-338
-332
-325
-318
-312
-305
-299
-292
-286
-279
-273
-266
-260
-254
-247
-241
-235
-228
-222
-216
-210
-204
-197
-191
-185
-179
-173
-167
-161
-155
-149
-143
-137
-131
-125
-119
-113
-107
-101
-95
-89
-84
-78
-72
-66
-60
-55
-49
-43
-38
-32
-26
-21
-15
-10
-4
2
7
13
18
24
29
35
40
46
51
56
62
67
73
78
83
89
94
99
105
110
115
120
126
131
136
141
146
152
157
162
167
172
177
182
187
193
198
203
208
213
218
223
228
233
238
243
248
253
258
262
267
272
277
282
287
292
297
302
306
311
316
321
326
330
335
340
345
350
354
359
364
369
373
378
383
387
392
397
402
406
411
416
420
425
430
434
439
443
448
453
457
462
467
471
476
480
485
490
494
499
503
508
512
517
522
526
531
535
540
544
549
553
558
562
567
571
576
581
585
590
594
599
603
608
612
617
621
626
630
635
639
644
648
653
657
662
666
671
675
680
684
689
693
698
702
707
711
716
720
725
729
734
738
743
747
752
756
761
765
770
774
779
783
788
792
797
801
806
810
815
820
824
829
833
838
842
847
851
856
861
865
870
874
879
884
888
893
897
902
907
911
916
921
925
930
935
939
944
949
953
958
963
967
972
977
982
986
991
996
1001
1005
1010
1015
1020
1025
1029
1034
1039
1044
1049
1053
1058
1063
1068
1073
1078
1083
1088
1093
1098
1102
1107
1112
1117
1122
1127
1132
1137
1142
1147
1152
1157
1162
1168
1173
1178
1183
1188
1193
1198
1203
1208
1214
1219
1224
1229
1234
1240
1245
1250
1255
1261
1266
1271
1277
1282
1287
1293
1298
1303
1309
1314
1320
1325
1331
1336
1342
1347
1353
1358
1364
1369
1375
1380
1386
1392
1397
1403
1409
1414
1420
1426
1431
1437
1443
1449
1455
1460
1466
1472
1478
1484
1490
1496
1501
1507
1513
1519
1525
1531
1537
1543
1550
1556
1562
1568
1574
1580
1586
1593
1599
1605
1611
1618
1624
1630
1637
1643
1649
1656
1662
1669
1675
1682
1688
1695
1701
1708
1714
1721
1727
1734
1741
1747
1754
1761
1768
1774
1781
1788
1795
1802
1809
1816
1823
1830
1836
1843
1850
1856
1863
1869
1876
1882
1889
1896
1902
1909
1915
1922
1928
1935
1942
1948
1955
1961
1968
1974
1981
1987
1994
2001
2007
2014
2020
2027
2033
2040
2046
