2047
2040
2033
2027
2020
2014
2007
2001
1994
1987
1981
1974
1968
1961
1955
1948
1942
1935
1928
1922
1915
1909
1902
1896
1883
1871
1859
1847
1835
1824
1812
1800
1788
1776
1764
1752
1741
1729
1717
1706
1694
1682
1671
1659
1648
1636
1625
1613
1602
1590
1579
1567
1556
1545
1533
1522
1511
1500
1488
1477
1466
1455
1444
1433
1422
1411
1400
1389
1378
1367
1356
1345
1334
1323
1312
1302
1291
1280
1269
1259
1248
1237
1227
1216
1205
1195
1184
1174
1163
1153
1142
1132
1122
1111
1101
1090
1080
1070
1060
1049
1039
1029
1019
1009
998
988
978
968
958
948
938
928
918
908
898
888
879
869
859
849
839
830
820
810
800
791
781
771
762
752
743
733
724
714
705
695
686
676
667
658
648
639
630
620
611
602
593
583
574
565
556
547
538
529
519
510
501
492
483
474
465
457
448
439
430
421
412
403
395
386
377
368
360
351
342
334
325
316
308
299
291
282
274
265
257
248
240
231
223
215
206
198
190
181
173
165
157
148
140
132
124
116
107
99
91
83
75
67
59
51
43
35
27
19
11
3
-4
-12
-20
-28
-36
-44
-51
-59
-67
-75
-82
-90
-98
-105
-113
-121
-128
-136
-143
-151
-158
-166
-173
-181
-188
-196
-203
-210
-218
-225
-233
-240
-247
-255
-262
-269
-276
-284
-291
-298
-305
-312
-320
-327
-334
-341
-348
-355
-362
-369
-376
-383
-390
-397
-404
-411
-418
-425
-432
-439
-445
-452
-459
-466
-473
-479
-486
-493
-500
-506
-513
-520
-526
-533
-540
-546
-553
-560
-566
-573
-579
-586
-592
-599
-605
-612
-618
-625
-631
-637
-644
-650
-657
-663
-669
-676
-682
-688
-694
-701
-707
-713
-719
-726
-732
-738
-744
-750
-756
-762
-768
-775
-781
-787
-793
-799
-805
-811
-817
-823
-829
-835
-840
-846
-852
-858
-864
-870
-876
-882
-887
-893
-899
-905
-910
-916
-922
-928
-933
-939
-945
-950
-956
-962
-967
-973
-978
-984
-990
-995
-1001
-1006
-1012
-1017
-1023
-1028
-1034
-1039
-1044
-1050
-1055
-1061
-1066
-1071
-1077
-1082
-1087
-1093
-1098
-1103
-1108
-1114
-1119
-1124
-1129
-1135
-1140
-1145
-1150
-1155
-1161
-1166
-1171
-1176
-1181
-1186
-1191
-1196
-1201
-1206
-1211
-1216
-1221
-1226
-1231
-1236
-1241
-1246
-1251
-1256
-1261
-1266
-1270
-1275
-1280
-1285
-1290
-1295
-1299
-1304
-1309
-1314
-1319
-1323
-1328
-1333
-1337
-1342
-1347
-1351
-1356
-1361
-1365
-1370
-1375
-1379
-1384
-1388
-1393
-1398
-1402
-1407
-1411
-1416
-1420
-1425
-1429
-1434
-1438
-1442
-1447
-1451
-1456
-1460
-1464
-1469
-1473
-1478
-1482
-1486
-1491
-1495
-1499
-1503
-1508
-1512
-1516
-1520
-1525
-1529
-1533
-1537
-1541
-1546
-1550
-1554
-1558
-1562
-1566
-1571
-1575
-1579
-1583
-1587
-1591
-1595
-1599
-1603
-1607
-1611
-1615
-1618
-1622
-1625
-1629
-1632
-1635
-1639
-1642
-1646
-1649
-1652
-1656
-1659
-1662
-1666
-1669
-1673
-1676
-1679
-1683
-1686
-1690
-1693
-1696
-1700
-1703
-1706
-1710
-1713
-1717
-1720
-1723
-1727
-1730
-1734
-1737
-1740
-1744
-1747
-1751
-1754
-1757
-1761
-1764
-1767
-1771
-1774
-1778
-1781
-1784
-1788
-1791
-1795
-1798
-1801
-1805
-1808
-1811
-1815
-1818
-1822
-1825
-1828
-1832
-1835
-1839
-1842
-1845
-1849
-1852
-1855
-1859
-1862
-1866
-1869
-1872
-1876
-1879
-1883
-1886
-1889
-1893
-1896
-1900
-1903
-1906
-1910
-1913
-1916
-1920
-1923
-1927
-1930
-1933
-1937
-1940
-1944
-1947
-1950
-1954
-1957
-1960
-1964
-1967
-1971
-1974
-1977
-1981
-1984
-1988
-1991
-1994
-1998
-2001
-2004
-2008
-2011
-2015
-2018
-2021
-2025
-2028
-2032
-2035
-2038
-2042
-2045
-2048
-2048
-2037
-2026
-2015
-2004
-1992
-1981
-1970
-1959
-1947
-1936
-1925
-1914
-1903
-1892
-1881
-1870
-1859
-1848
-1837
-1826
-1815
-1805
-1794
-1783
-1772
-1762
-1751
-1740
-1730
-1719
-1709
-1698
-1688
-1677
-1667
-1656
-1646
-1635
-1625
-1615
-1604
-1594
-1584
-1574
-1563
-1553
-1543
-1533
-1523
-1513
-1503
-1493
-1483
-1473
-1463
-1453
-1443
-1433
-1423
-1414
-1404
-1394
-1384
-1375
-1365
-1355
-1345
-1336
-1326
-1317
-1307
-1298
-1288
-1279
-1269
-1260
-1250
-1241
-1232
-1222
-1213
-1204
-1194
-1185
-1176
-1167
-1158
-1148
-1139
-1130
-1121
-1112
-1103
-1094
-1085
-1076
-1067
-1058
-1049
-1040
-1032
-1023
-1014
-1005
-996
-988
-979
-970
-962
-953
-944
-936
-927
-919
-910
-902
-893
-885
-876
-868
-859
-851
-843
-834
-826
-818
-809
-801
-793
-785
-776
-768
-760
-752
-744
-736
-728
-720
-712
-704
-696
-688
-680
-672
-664
-656
-648
-640
-633
-625
-617
-609
-601
-594
-586
-578
-571
-563
-555
-548
-540
-533
-525
-518
-510
-503
-495
-488
-480
-473
-466
-458
-451
-443
-436
-429
-422
-414
-407
-400
-393
-386
-378
-371
-364
-357
-350
-343
-336
-329
-322
-315
-308
-301
-294
-287
-280
-273
-266
-259
-253
-246
-239
-232
-225
-219
-212
-205
-199
-192
-185
-179
-172
-165
-159
-152
-146
-139
-133
-126
-120
-113
-107
-100
-94
-87
-81
-75
-68
-62
-56
-49
-43
-37
-30
-24
-18
-12
-6
1
7
13
19
25
31
37
43
50
56
62
68
74
80
86
91
97
103
109
115
121
127
133
139
144
150
156
162
168
173
179
185
190
196
202
207
213
219
224
230
236
241
247
252
258
263
269
274
280
285
291
296
302
307
312
318
323
329
334
339
345
350
355
361
366
371
376
382
387
392
397
402
408
413
418
423
428
433
438
444
449
454
459
464
469
474
479
484
489
494
499
504
509
514
519
524
529
534
538
543
548
553
558
563
568
572
577
582
587
592
596
601
606
611
615
620
625
629
634
639
643
648
653
657
662
667
671
676
681
685
690
694
699
703
708
713
717
722
726
731
735
740
744
749
753
758
762
767
771
775
780
784
789
793
798
802
806
811
815
819
824
828
832
837
841
845
850
854
858
863
867
871
876
880
884
888
893
897
901
906
910
914
918
922
927
931
935
939
944
948
952
956
960
965
969
973
977
981
985
990
994
998
1002
1006
1010
1015
1019
1023
1027
1031
1035
1039
1043
1048
1052
1056
1060
1064
1068
1072
1076
1080
1085
1089
1093
1097
1101
1105
1109
1113
1117
1121
1126
1130
1134
1138
1142
1146
1150
1154
1158
1162
1166
1170
1175
1179
1183
1187
1191
1195
1199
1203
1207
1211
1215
1220
1224
1228
1232
1236
1240
1244
1248
1252
1259
1266
1272
1279
1285
1292
1298
1305
1312
1318
1325
1331
1338
1344
1351
1357
1364
1371
1377
1384
1390
1397
1403
1410
1417
1423
1430
1436
1443
1449
1456
1462
1469
1476
1482
1489
1495
1502
1508
1515
1522
1528
1535
1541
1548
1554
1561
1567
1574
1581
1587
1594
1600
1607
1613
1620
1627
1633
1640
1646
1653
1659
1666
1672
1679
1686
1692
1699
1705
1712
1718
1725
1732
1738
1745
1751
1758
1764
1771
1777
1784
1791
1797
1804
1810
1817
1823
1830
1837
1843
1850
1856
1863
1869
1876
1882
1889
1896
1902
1909
1915
1922
1928
1935
1942
1948
1955
1961
1968
1974
1981
1987
1994
2001
2007
2014
2020
2027
2033
2040
2047
