2047
2034
2021
2009
1997
1984
1972
1959
1947
1935
1922
1910
1898
1885
1873
1861
1848
1836
1824
1812
1800
1788
1775
1763
1751
1739
1727
1715
1703
1691
1679
1667
1655
1643
1632
1620
1608
1596
1584
1572
1561
1549
1537
1525
1514
1502
1490
1479
1467
1456
1444
1432
1421
1409
1398
1386
1375
1363
1352
1341
1329
1318
1306
1295
1284
1273
1261
1250
1239
1228
1216
1205
1194
1183
1172
1161
1150
1138
1127
1116
1105
1094
1083
1072
1062
1051
1040
1029
1018
1007
996
986
975
964
953
943
932
921
911
900
889
879
868
857
847
836
826
815
805
794
784
774
763
753
742
732
722
712
701
691
681
671
660
650
640
630
620
610
599
589
579
569
559
549
539
529
519
510
500
490
480
470
460
450
441
431
421
411
402
392
382
373
363
354
344
335
325
316
306
297
287
278
269
260
250
241
232
223
213
204
195
186
177
168
159
150
141
132
123
115
106
97
88
79
71
62
53
45
36
27
19
10
2
-7
-15
-24
-32
-41
-49
-57
-66
-74
-82
-91
-99
-107
-115
-123
-132
-140
-148
-156
-164
-172
-180
-188
-196
-204
-212
-220
-228
-235
-243
-251
-259
-267
-274
-282
-290
-297
-305
-313
-320
-328
-335
-343
-350
-358
-365
-373
-380
-387
-395
-402
-409
-417
-424
-431
-439
-446
-453
-460
-467
-474
-481
-489
-496
-503
-510
-517
-524
-531
-538
-545
-551
-558
-565
-572
-579
-586
-592
-599
-606
-613
-619
-626
-633
-639
-646
-653
-659
-666
-672
-679
-685
-692
-698
-705
-711
-717
-724
-730
-737
-743
-749
-755
-762
-768
-774
-780
-787
-793
-799
-805
-811
-817
-823
-829
-835
-841
-847
-853
-859
-865
-871
-877
-883
-889
-895
-901
-907
-912
-918
-924
-930
-935
-941
-947
-953
-958
-964
-970
-975
-981
-986
-992
-997
-1003
-1009
-1014
-1020
-1025
-1030
-1036
-1041
-1047
-1052
-1057
-1063
-1068
-1073
-1079
-1084
-1089
-1095
-1100
-1105
-1110
-1115
-1121
-1126
-1131
-1136
-1141
-1146
-1151
-1156
-1161
-1166
-1171
-1177
-1181
-1186
-1191
-1196
-1201
-1206
-1211
-1216
-1221
-1226
-1231
-1235
-1240
-1245
-1250
-1254
-1259
-1264
-1269
-1273
-1278
-1283
-1287
-1292
-1297
-1301
-1306
-1310
-1315
-1320
-1324
-1329
-1333
-1338
-1342
-1347
-1351
-1356
-1360
-1364
-1369
-1373
-1378
-1382
-1386
-1391
-1395
-1399
-1404
-1408
-1412
-1416
-1421
-1425
-1429
-1433
-1437
-1442
-1446
-1450
-1454
-1458
-1462
-1466
-1470
-1475
-1479
-1483
-1487
-1491
-1495
-1499
-1503
-1507
-1511
-1515
-1518
-1522
-1526
-1530
-1534
-1538
-1542
-1546
-1549
-1553
-1557
-1561
-1565
-1568
-1572
-1576
-1580
-1583
-1587
-1591
-1595
-1598
-1602
-1606
-1609
-1613
-1616
-1620
-1624
-1627
-1631
-1634
-1638
-1641
-1645
-1649
-1652
-1656
-1659
-1662
-1666
-1669
-1673
-1676
-1680
-1683
-1686
-1690
-1693
-1697
-1700
-1703
-1707
-1710
-1713
-1717
-1720
-1723
-1726
-1730
-1733
-1736
-1739
-1743
-1746
-1749
-1752
-1755
-1759
-1762
-1765
-1768
-1771
-1774
-1777
-1780
-1783
-1787
-1790
-1793
-1796
-1799
-1802
-1805
-1808
-1811
-1814
-1817
-1820
-1823
-1826
-1829
-1831
-1834
-1837
-1840
-1843
-1846
-1849
-1852
-1855
-1857
-1860
-1863
-1866
-1869
-1872
-1874
-1877
-1880
-1883
-1885
-1888
-1891
-1894
-1896
-1899
-1902
-1904
-1907
-1910
-1912
-1915
-1918
-1920
-1923
-1926
-1928
-1931
-1933
-1936
-1939
-1941
-1944
-1946
-1949
-1951
-1954
-1956
-1959
-1961
-1964
-1966
-1969
-1971
-1974
-1976
-1979
-1981
-1984
-1986
-1988
-1991
-1993
-1996
-1998
-2000
-2003
-2005
-2007
-2010
-2012
-2014
-2017
-2019
-2021
-2024
-2026
-2028
-2031
-2033
-2035
-2037
-2040
-2042
-2044
-2046
-2048
-2048
-2038
-2027
-2016
-2006
-1995
-1984
-1973
-1963
-1952
-1941
-1931
-1920
-1909
-1898
-1888
-1877
-1866
-1855
-1845
-1834
-1823
-1813
-1802
-1791
-1780
-1770
-1759
-1748
-1738
-1727
-1716
-1705
-1695
-1684
-1673
-1662
-1652
-1641
-1630
-1620
-1609
-1598
-1587
-1577
-1566
-1555
-1545
-1534
-1523
-1512
-1502
-1491
-1480
-1469
-1459
-1448
-1437
-1427
-1416
-1405
-1394
-1384
-1373
-1362
-1351
-1341
-1330
-1319
-1309
-1298
-1287
-1276
-1266
-1255
-1244
-1234
-1223
-1212
-1201
-1191
-1180
-1169
-1158
-1148
-1137
-1126
-1116
-1105
-1094
-1083
-1073
-1062
-1051
-1041
-1030
-1019
-1008
-998
-987
-976
-965
-955
-944
-933
-923
-912
-901
-890
-880
-869
-858
-847
-837
-826
-818
-809
-801
-792
-784
-776
-768
-759
-751
-743
-735
-727
-719
-711
-703
-695
-687
-679
-671
-663
-655
-647
-640
-632
-624
-617
-609
-601
-594
-586
-579
-571
-564
-556
-549
-541
-534
-527
-519
-512
-505
-498
-490
-483
-476
-469
-462
-455
-448
-441
-434
-427
-420
-413
-406
-399
-392
-385
-379
-372
-365
-358
-352
-345
-338
-332
-325
-318
-312
-305
-299
-292
-286
-279
-273
-266
-260
-254
-247
-241
-235
-228
-222
-216
-210
-204
-197
-191
-185
-179
-173
-167
-161
-155
-149
-143
-137
-131
-125
-119
-113
-107
-101
-95
-89
-84
-78
-72
-66
-60
-55
-49
-43
-38
-32
-26
-21
-15
-10
-4
2
7
13
18
24
29
35
40
46
51
56
62
67
73
78
83
89
94
99
105
110
115
120
126
131
136
141
146
152
157
162
167
172
177
182
187
193
198
203
208
213
218
223
228
233
238
243
248
253
258
262
267
272
277
282
287
292
297
302
306
311
316
321
326
330
335
340
345
350
354
359
364
369
373
378
383
387
392
397
402
406
411
416
420
425
430
434
439
443
448
453
457
462
467
471
476
480
485
490
494
499
503
508
512
517
522
526
531
535
540
544
549
553
558
562
567
571
576
581
585
590
594
599
603
608
612
617
621
626
630
635
639
644
648
653
657
662
666
671
675
680
684
689
693
698
702
707
711
716
720
725
729
734
738
743
747
752
756
761
765
770
774
779
783
788
792
797
801
806
810
815
820
824
829
833
838
842
847
851
856
861
865
870
874
879
884
888
893
897
902
907
911
916
921
925
930
935
939
944
949
953
958
963
967
972
977
982
986
991
996
1001
1005
1010
1015
1020
1025
1029
1034
1039
1044
1049
1053
1058
1063
1068
1073
1078
1083
1088
1093
1098
1102
1107
1112
1117
1122
1127
1132
1137
1142
1147
1152
1157
1162
1168
1173
1178
1183
1188
1193
1198
1203
1208
1214
1219
1224
1229
1234
1240
1245
1250
1255
1261
1266
1271
1277
1282
1287
1293
1298
1303
1309
1314
1320
1325
1331
1336
1342
1347
1353
1358
1364
1369
1375
1380
1386
1392
1397
1403
1409
1414
1420
1426
1431
1437
1443
1449
1455
1460
1466
1472
1478
1484
1490
1496
1501
1507
1513
1519
1525
1531
1537
1543
1550
1556
1562
1568
1574
1580
1586
1593
1599
1605
1611
1618
1624
1630
1637
1643
1649
1656
1662
1669
1675
1682
1688
1695
1701
1708
1714
1721
1727
1734
1741
1747
1754
1761
1768
1774
1781
1788
1795
1802
1809
1816
1823
1830
1836
1843
1850
1856
1863
1869
1876
1882
1889
1896
1902
1909
1915
1922
1928
1935
1942
1948
1955
1961
1968
1974
1981
1987
1994
2001
2007
2014
2020
2027
2033
2040
2046