2046
2040
2033
2027
2020
2014
2007
2001
1994
1987
1981
1974
1968
1961
1955
1948
1942
1935
1928
1922
1915
1909
1902
1896
1889
1882
1876
1869
1863
1856
1850
1843
1836
1830
1823
1817
1810
1804
1797
1791
1784
1777
1771
1764
1758
1751
1745
1738
1731
1725
1718
1712
1705
1699
1692
1686
1679
1672
1666
1659
1653
1646
1640
1633
1626
1620
1613
1607
1600
1594
1587
1581
1574
1567
1561
1554
1548
1541
1535
1528
1522
1515
1508
1502
1495
1489
1482
1476
1469
1462
1456
1449
1443
1436
1430
1423
1416
1410
1403
1397
1390
1384
1377
1371
1364
1357
1351
1344
1338
1327
1316
1305
1294
1283
1272
1261
1251
1240
1229
1218
1208
1197
1186
1176
1165
1154
1144
1133
1123
1112
1102
1091
1081
1070
1060
1050
1039
1029
1018
1008
998
988
977
967
957
947
937
927
916
906
896
886
876
866
856
846
836
826
817
807
797
787
777
767
758
748
738
728
719
709
699
690
680
671
661
651
642
632
623
614
604
595
585
576
566
557
548
539
529
520
511
502
492
483
474
465
456
447
437
428
419
410
401
392
383
374
365
357
348
339
330
321
312
303
295
286
277
268
260
251
242
234
225
217
208
199
191
182
174
165
157
148
140
131
123
115
106
98
90
81
73
65
56
48
40
32
24
15
7
-1
-9
-17
-25
-33
-41
-49
-57
-65
-73
-81
-89
-97
-105
-113
-121
-129
-137
-144
-152
-160
-168
-176
-183
-191
-199
-206
-214
-222
-229
-237
-245
-252
-260
-267
-275
-282
-290
-297
-305
-312
-320
-327
-335
-342
-349
-357
-364
-371
-379
-386
-393
-401
-408
-415
-422
-429
-437
-444
-451
-458
-465
-472
-479
-486
-493
-500
-508
-515
-522
-528
-535
-542
-549
-556
-563
-570
-577
-584
-591
-597
-604
-611
-618
-624
-631
-638
-645
-651
-658
-665
-671
-678
-685
-691
-698
-704
-711
-718
-724
-731
-737
-744
-750
-757
-763
-769
-776
-782
-789
-795
-801
-808
-814
-820
-827
-833
-839
-845
-852
-858
-864
-870
-877
-883
-889
-895
-901
-907
-913
-919
-925
-932
-938
-944
-950
-956
-962
-968
-974
-980
-985
-991
-997
-1003
-1009
-1015
-1021
-1027
-1032
-1038
-1044
-1050
-1056
-1061
-1067
-1073
-1079
-1084
-1090
-1096
-1101
-1107
-1113
-1118
-1124
-1130
-1135
-1141
-1146
-1152
-1157
-1163
-1168
-1174
-1179
-1185
-1190
-1196
-1201
-1207
-1212
-1217
-1223
-1228
-1233
-1239
-1244
-1249
-1255
-1260
-1265
-1271
-1276
-1281
-1286
-1292
-1297
-1302
-1307
-1312
-1318
-1323
-1328
-1333
-1338
-1343
-1348
-1353
-1358
-1363
-1368
-1374
-1379
-1384
-1389
-1393
-1398
-1403
-1408
-1413
-1418
-1423
-1428
-1433
-1438
-1443
-1447
-1452
-1457
-1462
-1467
-1472
-1476
-1481
-1486
-1491
-1495
-1500
-1505
-1510
-1514
-1519
-1524
-1528
-1533
-1537
-1542
-1547
-1551
-1556
-1560
-1565
-1570
-1574
-1579
-1583
-1588
-1592
-1597
-1601
-1606
-1610
-1615
-1619
-1623
-1628
-1632
-1637
-1641
-1645
-1650
-1654
-1658
-1663
-1667
-1671
-1676
-1680
-1684
-1688
-1693
-1697
-1701
-1705
-1710
-1714
-1718
-1722
-1726
-1731
-1735
-1739
-1743
-1747
-1751
-1755
-1759
-1763
-1768
-1772
-1776
-1780
-1784
-1788
-1792
-1796
-1800
-1804
-1808
-1812
-1816
-1820
-1823
-1827
-1831
-1835
-1839
-1843
-1847
-1851
-1855
-1858
-1862
-1866
-1870
-1874
-1877
-1881
-1885
-1889
-1892
-1896
-1900
-1904
-1907
-1911
-1915
-1919
-1922
-1926
-1930
-1933
-1937
-1940
-1944
-1948
-1951
-1955
-1958
-1962
-1966
-1969
-1973
-1976
-1980
-1983
-1987
-1990
-1993
-1997
-2000
-2004
-2007
-2011
-2014
-2018
-2021
-2024
-2028
-2031
-2035
-2038
-2042
-2045
-2048
-2048
-2040
-2031
-2022
-2014
-2005
-1996
-1988
-1979
-1970
-1962
-1953
-1944
-1935
-1927
-1918
-1909
-1901
-1892
-1883
-1875
-1866
-1857
-1849
-1840
-1831
-1822
-1814
-1805
-1796
-1788
-1779
-1770
-1762
-1753
-1744
-1736
-1727
-1718
-1709
-1701
-1692
-1683
-1675
-1666
-1657
-1649
-1640
-1631
-1623
-1614
-1605
-1596
-1588
-1579
-1570
-1562
-1553
-1544
-1536
-1527
-1518
-1510
-1501
-1492
-1483
-1475
-1466
-1457
-1449
-1440
-1431
-1423
-1414
-1405
-1397
-1388
-1379
-1370
-1362
-1353
-1344
-1336
-1327
-1318
-1310
-1301
-1292
-1284
-1275
-1266
-1257
-1249
-1240
-1231
-1223
-1214
-1205
-1197
-1188
-1179
-1171
-1162
-1153
-1144
-1136
-1127
-1118
-1110
-1101
-1092
-1084
-1075
-1066
-1058
-1049
-1040
-1031
-1023
-1014
-1005
-997
-989
-981
-973
-965
-956
-948
-940
-932
-924
-917
-909
-901
-893
-885
-877
-869
-861
-853
-845
-837
-829
-822
-814
-806
-798
-790
-782
-775
-767
-759
-751
-744
-736
-728
-720
-713
-705
-697
-689
-682
-674
-666
-659
-651
-644
-636
-628
-621
-613
-606
-598
-590
-583
-575
-568
-560
-553
-545
-538
-530
-523
-515
-508
-500
-493
-485
-478
-471
-463
-456
-448
-441
-434
-426
-419
-412
-404
-397
-390
-382
-375
-368
-360
-353
-346
-339
-331
-324
-317
-310
-302
-295
-288
-281
-274
-267
-259
-252
-245
-238
-231
-224
-217
-210
-203
-196
-188
-181
-174
-167
-160
-153
-146
-139
-132
-125
-118
-111
-104
-97
-91
-84
-77
-70
-63
-56
-49
-42
-35
-29
-22
-15
-8
-1
6
12
19
26
33
40
46
53
60
66
73
80
87
93
100
107
113
120
127
133
140
147
153
160
166
173
180
186
193
199
206
212
219
225
232
238
245
251
258
264
271
277
284
290
297
303
309
316
322
329
335
341
348
354
360
367
373
379
386
392
398
405
411
417
423
430
436
442
448
455
461
467
473
479
486
492
498
504
510
516
523
529
535
541
547
553
559
565
571
577
583
589
596
602
608
614
620
626
632
638
643
649
655
661
667
673
679
685
691
697
703
709
714
720
726
732
738
744
750
755
761
767
773
779
784
790
796
802
807
813
819
825
830
836
842
847
853
859
864
870
876
881
887
893
898
904
910
915
921
926
932
937
943
949
954
960
965
971
976
982
987
993
998
1004
1009
1015
1020
1026
1031
1036
1042
1047
1053
1058
1063
1069
1074
1080
1085
1090
1096
1101
1106
1112
1117
1122
1128
1133
1138
1143
1149
1154
1159
1165
1170
1175
1180
1185
1191
1196
1201
1206
1212
1217
1222
1227
1232
1237
1242
1248
1253
1258
1263
1268
1273
1278
1283
1288
1294
1299
1304
1309
1314
1319
1324
1329
1334
1339
1344
1349
1354
1359
1364
1369
1374
1379
1384
1389
1393
1398
1403
1408
1413
1418
1423
1428
1433
1438
1442
1447
1452
1457
1462
1467
1471
1476
1481
1486
1491
1495
1500
1505
1510
1514
1519
1524
1529
1533
1538
1543
1548
1552
1557
1562
1566
1571
1576
1580
1585
1590
1594
1599
1604
1608
1613
1617
1622
1627
1631
1636
1640
1645
1649
1654
1658
1663
1668
1672
1677
1681
1686
1690
1695
1699
1704
1708
1713
1717
1721
1726
1730
1735
1739
1744
1748
1752
1757
1761
1766
1770
1774
1779
1783
1787
1792
1796
1800
1805
1809
1813
1818
1822
1826
1831
1835
1839
1843
1848
1852
1856
1863
1869
1876
1882
1889
1896
1902
1909
1915
1922
1928
1935
1941
1948
1955
1961
1968
1974
1981
1987
1994
2001
2007
2014
2020
2027
2033
2040
2047
