0
4
8
12
16
20
24
28
32
36
40
44
48
52
56
60
64
68
72
76
80
84
88
92
96
100
104
108
112
116
120
124
128
132
136
140
144
148
152
156
160
164
168
172
176
180
184
188
192
196
200
204
208
212
216
220
224
228
232
236
240
244
248
252
256
260
264
268
272
276
280
284
288
292
296
300
304
308
312
316
320
324
328
332
336
340
344
348
352
356
360
364
368
372
376
380
384
388
392
396
400
404
408
412
416
420
424
428
432
436
440
444
448
452
456
460
464
468
472
476
480
484
488
492
496
500
504
508
512
516
520
524
528
532
536
540
544
548
552
556
560
564
568
572
576
580
584
588
592
596
600
604
608
612
616
620
624
628
632
636
640
644
648
652
656
660
664
668
672
676
680
684
688
692
696
700
704
708
712
716
720
724
728
732
736
740
744
748
752
756
760
764
768
772
776
780
784
788
792
796
800
804
808
812
816
820
824
828
832
836
840
844
848
852
856
860
864
868
872
876
880
884
888
892
896
900
904
908
912
916
920
924
928
932
936
940
944
948
952
956
960
964
968
972
976
980
984
988
992
996
1000
1004
1008
1012
1016
1020
1024
1028
1032
1036
1040
1044
1048
1052
1056
1060
1064
1068
1072
1076
1080
1084
1088
1092
1096
1100
1104
1108
1112
1116
1120
1124
1128
1132
1136
1140
1144
1148
1152
1156
1160
1164
1168
1172
1176
1180
1184
1188
1192
1196
1200
1204
1208
1212
1216
1220
1224
1228
1232
1236
1240
1244
1248
1252
1256
1260
1264
1268
1272
1276
1280
1284
1288
1292
1296
1300
1304
1308
1312
1316
1320
1324
1328
1332
1336
1340
1344
1348
1352
1356
1360
1364
1368
1372
1376
1380
1384
1388
1392
1396
1400
1404
1408
1412
1416
1420
1424
1428
1432
1436
1440
1444
1448
1452
1456
1460
1464
1468
1472
1476
1480
1484
1488
1492
1496
1500
1504
1508
1512
1516
1520
1524
1528
1532
1536
1540
1544
1548
1552
1556
1560
1564
1568
1572
1576
1580
1584
1588
1592
1596
1600
1604
1608
1612
1616
1620
1624
1628
1632
1636
1640
1644
1648
1652
1656
1660
1664
1668
1672
1676
1680
1684
1688
1692
1696
1700
1704
1708
1712
1716
1720
1724
1728
1732
1736
1740
1744
1748
1752
1756
1760
1764
1768
1772
1776
1780
1784
1788
1792
1796
1800
1804
1808
1812
1816
1820
1824
1828
1832
1836
1840
1844
1848
1852
1856
1860
1864
1868
1872
1876
1880
1884
1888
1892
1896
1900
1904
1908
1912
1916
1920
1924
1928
1932
1936
1940
1944
1948
1952
1956
1960
1964
1968
1972
1976
1980
1984
1988
1992
1996
2000
2004
2008
2012
2016
2020
2024
2028
2032
2036
2040
2044
2048
2052
2056
2060
2064
2068
2072
2076
2080
2084
2088
2092
2096
2100
2104
2108
2112
2116
2120
2124
2128
2132
2136
2140
2144
2148
2152
2156
2160
2164
2168
2172
2176
2180
2184
2188
2192
2196
2200
2204
2208
2212
2216
2220
2224
2228
2232
2236
2240
2244
2248
2252
2256
2260
2264
2268
2272
2276
2280
2284
2288
2292
2296
2300
2304
2308
2312
2316
2320
2324
2328
2332
2336
2340
2344
2348
2352
2356
2360
2364
2368
2372
2376
2380
2384
2388
2392
2396
2400
2404
2408
2412
2416
2420
2424
2428
2432
2436
2440
2444
2448
2452
2456
2460
2464
2468
2472
2476
2480
2484
2488
2492
2496
2500
2504
2508
2512
2516
2520
2524
2528
2532
2536
2540
2544
2548
2552
2556
2560
2564
2568
2572
2576
2580
2584
2588
2592
2596
2600
2604
2608
2612
2616
2620
2624
2628
2632
2636
2640
2644
2648
2652
2656
2660
2664
2668
2672
2676
2680
2684
2688
2692
2696
2700
2704
2708
2712
2716
2720
2724
2728
2732
2736
2740
2744
2748
2752
2756
2760
2764
2768
2772
2776
2780
2784
2788
2792
2796
2800
2804
2808
2812
2816
2820
2824
2828
2832
2836
2840
2844
2848
2852
2856
2860
2864
2868
2872
2876
2880
2884
2888
2892
2896
2900
2904
2908
2912
2916
2920
2924
2928
2932
2936
2940
2944
2948
2952
2956
2960
2964
2968
2972
2976
2980
2984
2988
2992
2996
3000
3004
3008
3012
3016
3020
3024
3028
3032
3036
3040
3044
3048
3052
3056
3060
3064
3068
3072
3076
3080
3084
3088
3092
3096
3100
3104
3108
3112
3116
3120
3124
3128
3132
3136
3140
3144
3148
3152
3156
3160
3164
3168
3172
3176
3180
3184
3188
3192
3196
3200
3204
3208
3212
3216
3220
3224
3228
3232
3236
3240
3244
3248
3252
3256
3260
3264
3268
3272
3276
3280
3284
3288
3292
3296
3300
3304
3308
3312
3316
3320
3324
3328
3332
3336
3340
3344
3348
3352
3356
3360
3364
3368
3372
3376
3380
3384
3388
3392
3396
3400
3404
3408
3412
3416
3420
3424
3428
3432
3436
3440
3444
3448
3452
3456
3460
3464
3468
3472
3476
3480
3484
3488
3492
3496
3500
3504
3508
3512
3516
3520
3524
3528
3532
3536
3540
3544
3548
3552
3556
3560
3564
3568
3572
3576
3580
3584
3588
3592
3596
3600
3604
3608
3612
3616
3620
3624
3628
3632
3636
3640
3644
3648
3652
3656
3660
3664
3668
3672
3676
3680
3684
3688
3692
3696
3700
3704
3708
3712
3716
3720
3724
3728
3732
3736
3740
3744
3748
3752
3756
3760
3764
3768
3772
3776
3780
3784
3788
3792
3796
3800
3804
3808
3812
3816
3820
3824
3828
3832
3836
3840
3844
3848
3852
3856
3860
3864
3868
3872
3876
3880
3884
3888
3892
3896
3900
3904
3908
3912
3916
3920
3924
3928
3932
3936
3940
3944
3948
3952
3956
3960
3964
3968
3972
3976
3980
3984
3988
3992
3996
4000
4004
4008
4012
4016
4020
4024
4028
4032
4036
4040
4044
4048
4052
4056
4060
4064
4068
4072
4076
4080
4084
4088
4092
4095
4091
4087
4083
4079
4075
4071
4067
4063
4059
4055
4051
4047
4043
4039
4035
4031
4027
4023
4019
4015
4011
4007
4003
3999
3995
3991
3987
3983
3979
3975
3971
3967
3963
3959
3955
3951
3947
3943
3939
3935
3931
3927
3923
3919
3915
3911
3907
3903
3899
3895
3891
3887
3883
3879
3875
3871
3867
3863
3859
3855
3851
3847
3843
3839
3835
3831
3827
3823
3819
3815
3811
3807
3803
3799
3795
3791
3787
3783
3779
3775
3771
3767
3763
3759
3755
3751
3747
3743
3739
3735
3731
3727
3723
3719
3715
3711
3707
3703
3699
3695
3691
3687
3683
3679
3675
3671
3667
3663
3659
3655
3651
3647
3643
3639
3635
3631
3627
3623
3619
3615
3611
3607
3603
3599
3595
3591
3587
3583
3579
3575
3571
3567
3563
3559
3555
3551
3547
3543
3539
3535
3531
3527
3523
3519
3515
3511
3507
3503
3499
3495
3491
3487
3483
3479
3475
3471
3467
3463
3459
3455
3451
3447
3443
3439
3435
3431
3427
3423
3419
3415
3411
3407
3403
3399
3395
3391
3387
3383
3379
3375
3371
3367
3363
3359
3355
3351
3347
3343
3339
3335
3331
3327
3323
3319
3315
3311
3307
3303
3299
3295
3291
3287
3283
3279
3275
3271
3267
3263
3259
3255
3251
3247
3243
3239
3235
3231
3227
3223
3219
3215
3211
3207
3203
3199
3195
3191
3187
3183
3179
3175
3171
3167
3163
3159
3155
3151
3147
3143
3139
3135
3131
3127
3123
3119
3115
3111
3107
3103
3099
3095
3091
3087
3083
3079
3075
3071
3067
3063
3059
3055
3051
3047
3043
3039
3035
3031
3027
3023
3019
3015
3011
3007
3003
2999
2995
2991
2987
2983
2979
2975
2971
2967
2963
2959
2955
2951
2947
2943
2939
2935
2931
2927
2923
2919
2915
2911
2907
2903
2899
2895
2891
2887
2883
2879
2875
2871
2867
2863
2859
2855
2851
2847
2843
2839
2835
2831
2827
2823
2819
2815
2811
2807
2803
2799
2795
2791
2787
2783
2779
2775
2771
2767
2763
2759
2755
2751
2747
2743
2739
2735
2731
2727
2723
2719
2715
2711
2707
2703
2699
2695
2691
2687
2683
2679
2675
2671
2667
2663
2659
2655
2651
2647
2643
2639
2635
2631
2627
2623
2619
2615
2611
2607
2603
2599
2595
2591
2587
2583
2579
2575
2571
2567
2563
2559
2555
2551
2547
2543
2539
2535
2531
2527
2523
2519
2515
2511
2507
2503
2499
2495
2491
2487
2483
2479
2475
2471
2467
2463
2459
2455
2451
2447
2443
2439
2435
2431
2427
2423
2419
2415
2411
2407
2403
2399
2395
2391
2387
2383
2379
2375
2371
2367
2363
2359
2355
2351
2347
2343
2339
2335
2331
2327
2323
2319
2315
2311
2307
2303
2299
2295
2291
2287
2283
2279
2275
2271
2267
2263
2259
2255
2251
2247
2243
2239
2235
2231
2227
2223
2219
2215
2211
2207
2203
2199
2195
2191
2187
2183
2179
2175
2171
2167
2163
2159
2155
2151
2147
2143
2139
2135
2131
2127
2123
2119
2115
2111
2107
2103
2099
2095
2091
2087
2083
2079
2075
2071
2067
2063
2059
2055
2051
2047
2043
2039
2035
2031
2027
2023
2019
2015
2011
2007
2003
1999
1995
1991
1987
1983
1979
1975
1971
1967
1963
1959
1955
1951
1947
1943
1939
1935
1931
1927
1923
1919
1915
1911
1907
1903
1899
1895
1891
1887
1883
1879
1875
1871
1867
1863
1859
1855
1851
1847
1843
1839
1835
1831
1827
1823
1819
1815
1811
1807
1803
1799
1795
1791
1787
1783
1779
1775
1771
1767
1763
1759
1755
1751
1747
1743
1739
1735
1731
1727
1723
1719
1715
1711
1707
1703
1699
1695
1691
1687
1683
1679
1675
1671
1667
1663
1659
1655
1651
1647
1643
1639
1635
1631
1627
1623
1619
1615
1611
1607
1603
1599
1595
1591
1587
1583
1579
1575
1571
1567
1563
1559
1555
1551
1547
1543
1539
1535
1531
1527
1523
1519
1515
1511
1507
1503
1499
1495
1491
1487
1483
1479
1475
1471
1467
1463
1459
1455
1451
1447
1443
1439
1435
1431
1427
1423
1419
1415
1411
1407
1403
1399
1395
1391
1387
1383
1379
1375
1371
1367
1363
1359
1355
1351
1347
1343
1339
1335
1331
1327
1323
1319
1315
1311
1307
1303
1299
1295
1291
1287
1283
1279
1275
1271
1267
1263
1259
1255
1251
1247
1243
1239
1235
1231
1227
1223
1219
1215
1211
1207
1203
1199
1195
1191
1187
1183
1179
1175
1171
1167
1163
1159
1155
1151
1147
1143
1139
1135
1131
1127
1123
1119
1115
1111
1107
1103
1099
1095
1091
1087
1083
1079
1075
1071
1067
1063
1059
1055
1051
1047
1043
1039
1035
1031
1027
1023
1019
1015
1011
1007
1003
999
995
991
987
983
979
975
971
967
963
959
955
951
947
943
939
935
931
927
923
919
915
911
907
903
899
895
891
887
883
879
875
871
867
863
859
855
851
847
843
839
835
831
827
823
819
815
811
807
803
799
795
791
787
783
779
775
771
767
763
759
755
751
747
743
739
735
731
727
723
719
715
711
707
703
699
695
691
687
683
679
675
671
667
663
659
655
651
647
643
639
635
631
627
623
619
615
611
607
603
599
595
591
587
583
579
575
571
567
563
559
555
551
547
543
539
535
531
527
523
519
515
511
507
503
499
495
491
487
483
479
475
471
467
463
459
455
451
447
443
439
435
431
427
423
419
415
411
407
403
399
395
391
387
383
379
375
371
367
363
359
355
351
347
343
339
335
331
327
323
319
315
311
307
303
299
295
291
287
283
279
275
271
267
263
259
255
251
247
243
239
235
231
227
223
219
215
211
207
203
199
195
191
187
183
179
175
171
167
163
159
155
151
147
143
139
135
131
127
123
119
115
111
107
103
99
95
91
87
83
79
75
71
67
63
59
55
51
47
43
39
35
31
27
23
19
15
11
7
3
