-127
-128
-130
-128
-124
-114
-111
-111
-115
-114
-110
-104
-104
-110
-110
-102
-98
-96
-95
-94
-95
-96
-95
-94
-90
-92
-94
-92
-92
-89
-89
-92
-87
-90
-88
-86
-86
-82
-83
-85
-84
-87
-85
-81
-82
-82
-87
-93
-96
-92
-86
-88
-90
-91
-88
-90
-92
-92
-88
-83
-86
-86
-88
-80
-77
-84
-85
-81
-79
-81
-81
-81
-75
-54
-22
-2
9
19
31
26
23
28
27
24
20
19
31
40
34
26
19
14
14
14
15
12
8
4
10
7
6
7
8
8
3
0
-1
1
-5
-5
-1
-5
-13
-14
-11
-9
-12
-19
-18
-14
-10
-8
-2
1
5
35
60
75
80
78
77
82
77
73
80
85
85
79
75
73
72
67
61
57
57
61
65
65
63
60
57
59
56
48
47
46
38
32
33
35
32
32
33
32
32
35
40
38
39
51
63
72
91
105
109
111
117
120
117
115
118
115
116
114
108
105
100
94
95
93
89
85
82
78
77
76
81
78
75
70
66
64
57
48
47
52
49
49
47
58
62
60
77
100
122
134
137
134
137
138
134
137
134
132
127
124
122
121
118
114
108
111
105
100
99
99
97
99
93
84
82
82
82
83
83
83
85
87
90
98
104
115
138
154
168
168
164
156
155
157
160
155
143
138
137
135
132
129
131
136
132
128
120
123
124
120
116
114
110
110
110
106
106
112
110
106
110
123
148
166
171
179
184
186
188
190
184
180
180
183
183
179
168
169
171
168
167
163
155
154
147
145
144
143
143
145
145
142
137
135
134
141
160
181
199
209
214
217
220
220
221
216
211
209
205
209
209
205
200
195
196
198
194
189
184
184
179
179
176
174
174
174
168
168
171
179
188
201
223
239
248
255
255
253
251
252
253
256
246
239
241
244
241
238
233
230
225
221
218
209
205
206
204
204
206
212
212
214
236
259
277
290
295
292
296
294
288
294
293
292
289
287
280
277
275
273
275
270
265
260
260
259
261
257
252
254
255
251
250
252
278
313
330
336
335
335
339
338
334
333
331
330
330
328
326
319
320
318
315
311
304
304
306
309
307
307
307
303
304
324
355
373
384
386
389
390
394
390
384
381
376
372
371
373
367
364
366
365
363
356
349
347
348
357
357
356
357
362
380
410
426
430
428
431
434
435
436
435
428
424
424
417
417
416
410
412
408
408
407
402
396
402
407
408
427
458
475
486
488
490
491
491