-1946
-1937
-1924
-1911
-1898
-1890
-1877
-1864
-1852
-1838
-1830
-1817
-1804
-1792
-1778
-1766
-1753
-1744
-1732
-1723
-1710
-1701
-1689
-1681
-1667
-1659
-1646
-1633
-1625
-1616
-1607
-1595
-1587
-1573
-1565
-1556
-1548
-1535
-1527
-1513
-1505
-1492
-1479
-1471
-1458
-1450
-1436
-1428
-1416
-1402
-1394
-1381
-1373
-1359
-1351
-1339
-1330
-1317
-1308
-1300
-1291
-1279
-1270
-1262
-1253
-1240
-1227
-1219
-1206
-1197
-1188
-1180
-1168
-1154
-1146
-1133
-1125
-1112
-1108
-1094
-1086
-1074
-1065
-1056
-1048
-1039
-1026
-1017
-1009
-1000
-992
-983
-975
-966
-958
-949
-941
-932
-923
-915
-906
-898
-889
-881
-868
-864
-851
-843
-834
-829
-821
-817
-804
-795
-787
-783
-774
-766
-757
-752
-744
-740
-732
-727
-718
-710
-701
-693
-689
-684
-675
-667
-658
-650
-646
-637
-629
-620
-612
-607
-603
-595
-586
-581
-573
-569
-561
-556
-552
-547
-539
-535
-526
-522
-513
-504
-504
-496
-492
-484
-479
-475
-470
-462
-458
-449
-445
-436
-432
-424
-419
-410
-407
-402
-398
-390
-385
-376
-372
-364
-359
-351
-347
-338
-330
-321
-313
-308
-299
-291
-282
-278
-270
-261
-253
-248
-239
-236
-227
-219
-210
-201
-197
-193
-184
-176
-167
-159
-154
-145
-142
-137
-128
-124
-116
-116
-107
-103
-94
-90
-86
-86
-77
-73
-65
-60
-56
-56
-48
-43
-34
-30
-26
-22
-13
-9
5
9
13
17
26
30
34
43
48
51
56
65
68
73
77
86
90
99
103
111
120
124
128
133
137
145
154
159
167
171
180
184
193
197
201
210
214
222
227
236
236
244
248
257
261
265
270
278
282
287
291
295
299
308
313
321
325
330
333
342
347
355
364
368
372
376
385
390
398
402
410
415
419
424
432
436
441
445
453
458
462
470
475
479
484
492
496
504
509
518
522
526
535
539
547
552
556
556
564
569
578
581
586
590
595
599
603
607
612
616
620
624
629
633
641
646
650
655
658
663
672
675
680
684
689
693
697
701
706
714
718
723
727
735
740
749
757
761
766
770
774
783
791
795
804
808
817
821
826
834
838
846
851
860
864
872
872
881
885
894
898
903
906
915
920
923
923
932
937
945
949
954
958
966
971
975
979
983
992
997
1000
1005
1014
1017
1022
1026
1035
1039
1043
1048
1052
1056
1056
1060
1065
1069
1074
1077
1082
1086
1091
1094
1103
1103
1108
1116
1125
1125
1133
1137
1146
1150
1159
1159
1168
1171
1180
1185
1188
1188
1197
1202
1210
1214
1219
1223
1231
1236
1240
1245
1253
1257
1265
1270
1279
1283
1291
1300
1304
1308
1313
1321
1325
1330
1334
1339
1342
1347
1351
1356
1359
1364
1368
1373
1381
1385
1390
1394
1398
1402
1407
1416
1416
1424
1424
1433
1436
1445
1450
1454
1454
1462
1462
1471
1471
1479
1484
1492
1496
1501
1505
1513
1518
1522
1527
1535
1539
1544
1548
1556
1561
1565
1569
1573
1582
1587
1590
1595
1599
1604
1607
1612
1616
1621
1629
1633
1638
1642
1650
1655
1659
1663
1672
1676
1681
1684
1689
1693
1701
1701
1710
1710
1719
1719
1723
1723
1732
1732
1736
1736
1744
1749
1753
1758
1761
1766
1770
1775
1778
1783
1787
1792
1796
1800
1804
1809
1817
1821
1826
1834
1838
1843
1847
1855
1860
1864
1869
1872
1877
1881
1886
1886
1890
1894
1898
1903
1903
1903
1907
1911
1911
1911
1911
1911
1911
1911
1907
1911
1911
1911
1907
1907
1903
1903
1898
1898
1894
1890
1886
1886
1881
1877
1872
1869
1860
1855
1847
1847
1838
1834
1826
1821
1813
1804
1796
1787
1783
1775
1766
1758
1753
1744
1736
1727
1719
1715
1706
1701
1693
1689
1681
1676
1667
1659
1650
1646
1638
1633
1625
1621
1612
1604
1595
1587
1582
1573
1569
1561
1552
1544
1539
1530
1527
1518
1510
1501
1496
1488
1484
1475
1471
1458
1454
1445
1441
1428
1419
1411
1402
1398
1390
1381
1373
1364
1356
1351
1342
1334
1325
1317
1313
1304
1300
1291
1287
1279
1274
1265
1262
1253
1245
1236
1231
1223
1219
1210
1202
1193
1185
1180
1171
1163
1154
1150
1142
1133
1125
1120
1112
1103
1094
1091
1082
1074
1060
1056
1048
1043
1031
1026
1017
1014
1005
1000
992
988
979
971
966
958
954
945
941
932
928
920
915
906
903
894
885
881
877
872
864
860
855
851
843
838
829
826
817
812
808
804
795
787
783
774
766
757
752
744
740
732
727
723
718
710
706
701
697
689
684
675
675
667
663
655
650
641
637
629
629
620
612
607
599
595
586
581
573
569
561
552
547
539
535
526
522
518
513
504
501
492
487
484
479
470
466
462
458
453
445
441
436
432
424
419
415
410
402
398
390
385
381
376
368
364
355
351
342
338
330
325
316
313
304
299
291
291
282
274
270
261
257
248
244
236
227
222
219
214
205
201
197
193
184
180
176
171
167
162
154
150
145
142
133
124
120
111
107
99
94
86
82
77
73
65
60
51
48
39
34
26
22
17
13
5
-5
-13
-13
-22
-26
-34
-34
-43
-51
-56
-65
-68
-77
-82
-90
-94
-103
-111
-120
-128
-133
-142
-145
-150
-154
-162
-167
-171
-176
-184
-188
-193
-197
-205
-210
-214
-219
-227
-231
-236
-239
-244
-253
-257
-261
-265
-274
-278
-287
-291
-299
-304
-313
-316
-321
-325
-333
-338
-347
-347
-355
-359
-368
-372
-381
-381
-390
-398
-402
-410
-415
-419
-424
-432
-436
-441
-445
-453
-462
-466
-475
-479
-487
-492
-501
-509
-513
-522
-530
-535
-543
-547
-556
-561
-569
-578
-581
-586
-590
-595
-603
-612
-616
-620
-624
-633
-637
-641
-646
-655
-658
-667
-667
-672
-675
-680
-684
-693
-697
-706
-706
-710
-718
-723
-727
-735
-740
-744
-752
-757
-761
-766
-774
-778
-787
-791
-800
-808
-812
-821
-826
-829
-834
-843
-846
-855
-860
-868
-872
-877
-881
-889
-898
-903
-906
-911
-915
-923
-932
-937
-941
-945
-954
-958
-966
-971
-979
-983
-992
-997
-1005
-1009
-1017
-1022
-1026
-1031
-1039
-1043
-1052
-1060
-1065
-1074
-1077
-1086
-1091
-1099
-1103
-1112
-1116
-1125
-1133
-1137
-1142
-1146
-1150
-1159
-1168
-1171
-1180
-1185
-1193
-1197
-1206
-1214
-1223
-1227
-1236
-1240
-1248
-1257
-1262
-1270
-1274
-1283
-1287
-1291
-1296
-1304
-1308
-1313
-1317
-1325
-1330
-1334
-1339
-1347
-1351
-1356
-1359
-1368
-1373
-1381
-1385
-1390
-1394
-1402
-1411
-1416
-1424
-1428
-1436
-1441
-1445
-1450
-1458
-1462
-1471
-1475
-1484
-1492
-1496
-1501
-1505
-1510
-1518
-1527
-1530
-1539
-1544
-1548
-1552
-1561
-1565
-1573
-1578
-1582
-1587
-1595
-1599
-1604
-1612
-1616
-1621
-1625
-1629
-1633
-1642
-1646
-1650
-1655
-1663
-1667
-1676
-1681
-1689
-1693
-1698
-1701
-1710
-1715
-1719
-1723
-1732
-1736
-1744
-1744
-1749
-1758
-1761
-1770
-1775
-1778
-1783
-1792
-1796
-1804
-1813
-1817
-1821
-1826
-1834
-1838
-1843
-1847
-1852
-1855
-1860
-1864
-1869
-1872
-1877
-1881
-1886
-1890
-1898
-1903
-1907
-1911
-1920
-1929
-1932
-1941
-1946
-1954